-1044	3926	-739
-1092	3940	-763
-1125	3951	-788
-1127	3947	-807
-1127	3937	-812
-1127	3929	-798
-1080	3927	-779
-1056	3927	-771
-1055	3927	-775
-1066	3927	-785
-1079	3927	-796
-1102	3929	-804
-1121	3933	-800
-1119	3941	-787
-1102	3949	-780
-1080	3960	-780
-1051	3976	-524
-1026	3991	-754
-1013	3991	-752
-1009	3972	-752
-1009	3952	-754
-1010	3939	-753
-1017	3931	-750
-1023	3927	-758
-1023	3919	-770
-1022	3911	-780
-1024	3911	-793
-1028	3912	-806
-1031	3907	-820
-1027	3895	-835
-1023	3891	-845
-1019	3903	-852
-1011	3920	-856
-1004	3933	-854
-997	3940	-853
-993	3938	-855
-996	3928	-852
-999	3921	-841
-999	3923	-829
-1005	3934	-821
-1016	3945	-824
-1017	3948	-831
-1015	3952	-834
-1019	3955	-840
-1019	3949	-851
-1019	3942	-860
-1021	3938	-869
-1024	3938	-875
-1028	3938	-880
-1036	3939	-885
-1033	3935	-892
-1021	3923	-899
-1015	3914	-904
-1012	3914	-906
-1005	3929	-905
-1004	3962	-902
-1012	3992	-899
-1021	4001	-897
-1029	3996	-897
-1035	3998	-895
-1042	4011	-887
-1043	4013	-871
-1037	3990	-853
-1028	3964	-842
-1024	3957	-835
-1026	3974	-832
-1021	3990	-835
-1012	3984	-847
-1006	3967	-858
-1003	3948	-864
-1003	3931	-868
-1002	3918	-874
-1002	3913	-879
-1011	3917	-880
-1021	3922	-880
-1018	3919	-880
-1015	3908	-883
-1012	3896	-886
-1009	3893	-889
-1008	3890	-890
-1008	3874	-890
-1004	3870	-892
-997	3888	-897
-989	3909	-898
-983	3924	-894
-978	3937	-890
-975	3937	-884
-975	3945	-876
-975	3943	-865
-975	3932	-855
-976	3912	-854
-978	3888	-857
-978	3870	-857
-980	3862	-857
-980	3863	-875
-980	3873	-884
-995	3893	-890
-1012	3911	-890
-1010	3935	-889
-1031	3959	-886
-1044	3963	-880
-1020	3965	-863
-1007	3974	-840
-1012	3993	-818
-1017	4013	-793
-1012	4025	-771
-1008	4032	-758
-1009	4023	-761
-1006	3994	-771
-998	3965	-777
-998	3958	-792
-1016	3970	-812
-1036	3991	-828
-1041	4010	-837
-1033	4017	-841
-1018	4011	-842
-1003	4007	-839
-994	4033	-838
-989	4068	-838
-984	4080	-837
-978	4075	-834
-974	4063	-827
-972	4055	-813
-970	4041	-796
-964	4017	-780
-961	3992	-760
-963	3969	-749
-968	3962	-745
-967	3959	-675
-948	3946	-595
-937	3945	-587
-944	3949	-616
-948	3955	-670
-900	4003	-706
-758	3929	-624
-702	3786	-518
-759	3799	-467
-774	3854	-420
-762	3877	-395
-749	3906	-378
-742	3955	-356
-744	3996	-331
-755	4005	-314
-761	3998	-308
-766	3984	-300
-772	3966	-279
-778	3953	-252
-782	3940	-222
-791	3929	-198
-799	3925	-183
-801	3925	-156
-799	3912	-108
-790	3868	-54
-779	3792	-1
-767	3692	44
-760	3627	59
-758	3635	53
-758	3634	73
-758	3570	129
-633	3451	197
-559	3286	277
-516	3123	373
-490	2950	460
-460	2950	517
-414	2694	547
-353	2310	565
-283	2388	573
-210	2219	576
-126	2136	581
-19	2137	583
116	2108	583
266	2015	578
418	1907	591
603	1799	654
801	1771	717
1013	1869	741
1263	2001	767
1520	2117	777
1761	2195	742
2003	2317	694
2269	2582	637
2577	2832	593
2882	2926	587
3162	2928	597
3429	2935	591
3670	2956	553
3897	2952	473
4144	2888	349
4443	2780	235
4764	2724	154
5105	2736	64
5474	2716	-31
5855	2689	-100
6269	2744	-132
6697	2850	-102
7024	2955	-6
7183	3032	182
7183	3078	409
6960	3060	532
6536	2892	555
6021	2597	547
5469	2272	509
4940	1927	449
4520	1537	382
4260	1152	312
4123	813	242
4057	563	170
4029	442	81
4018	401	-24
4021	392	-138
4035	433	-247
4057	554	-331
4102	696	-391
4161	798	-446
4208	886	-473
4235	993	-458
4246	1136	-427
4235	1279	-384
4185	1377	-317
4109	1453	-240
4021	1524	-168
3920	1580	-109
3812	1624	-66
3720	1652	-29
3646	1660	3
3585	1651	35
3571	1624	63
3597	1578	84
3645	1523	91
3708	1463	78
3769	1384	45
3818	1291	-3
3862	1217	-57
3902	1187	-101
3902	1198	-126
3902	1220	-127
3988	1245	-109
4024	1268	-83
4044	1284	-49
4058	1296	-15
4067	1296	11
4071	1296	25
4070	1037	24
4066	1273	8
4065	1275	-14
4072	1298	-33
4079	1318	-33
4076	1326	-33
4062	1330	-37
4045	1335	-12
4032	1343	-12
4023	1346	-2
4019	1319	-2
4025	1252	-5
4035	1181	-14
4045	1175	-11
4058	1317	48
4066	1668	83
4066	1800	62
4078	1291	87
4134	587	176
4214	116	318
4270	-124	459
4282	-170	538
4239	-145	548
4185	-129	480
4161	-90	363
4160	14	256
4158	169	182
4137	346	134
4112	524	102
4099	652	78
4096	724	55
4093	773	15
4084	805	-53
4078	812	-144
4071	792	-236
4060	764	-307
4048	754	-353
4037	766	-384
4034	789	-400
4039	811	-400
4033	840	-394
4013	859	-385
3994	844	-370
3975	823	-328
3964	862	-265
3970	991	-242
3968	1083	-262
3951	1069	-286
3940	1060	-295
3940	1134	-300
3933	1238	-308
3913	1295	-313
3893	1314	-317
3881	1320	-316
3867	1317	-314
3848	1311	-311
3827	1312	-306
3804	1314	-300
3794	1315	-291
3800	1317	-285
3807	1313	-284
3815	1305	-288
3829	1282	-295
3849	1240	-296
3873	1195	-294
3887	1159	-291
3895	1138	-290
3904	1128	-289
3904	1119	-289
3915	1114	-285
3927	1112	-273
3936	1110	-260
3944	1112	-244
3953	1112	-230
3972	1112	-218
4002	1160	-200
4025	1170	-200
4023	1168	-146
4004	1167	-146
3985	1160	-146
3975	1150	-102
3974	1155	-89
3970	1185	-59
3963	1209	-15
3963	1198	24
3971	1165	53
3980	1151	71
3982	1174	84
3986	1214	90
3997	1242	89
4012	1268	90
4020	1313	96
4024	1354	101
4024	1377	105
4021	1390	109
4013	1393	105
4005	1359	88
3990	1309	63
3971	1280	31
3958	1282	-3
3951	1305	-35
3954	1326	-59
3961	1340	-84
3966	1347	-113
3972	1346	-143
3979	1336	-171
3981	1324	-198
3977	1317	-211
3967	1305	-211
3955	1287	-210
3939	1266	-214
3928	1240	-226
3929	1222	-236
3931	1215	-244
3930	1214	-250
3927	1210	-249
3922	1201	-250
3915	1193	-256
3908	1190	-266
3906	1194	-274
3908	1185	-270
3908	1169	-268
3912	1163	-267
3922	1163	-269
3937	1157	-276
3955	1150	-272
3955	1138	-259
3930	1118	-239
3898	1108	-213
3882	1104	-201
3888	1100	-202
3896	1101	-208
3897	1103	-217
3900	1103	-218
3904	1099	-210
3905	1094	-200
3909	1093	-188
3927	1088	-183
3927	1080	-184
3951	1073	-186
3976	1073	-192
4001	1046	-204
4022	1050	-211
4037	1050	-199
4049	1050	-176
4064	1088	-138
4076	1119	-138
4084	1141	-47
4087	1158	-11
4082	1178	-11
4065	1197	245
4029	1226	35
3980	1273	49
3928	1313	53
3882	1318	47
3850	1309	30
3835	1312	4
3830	1329	-23
3838	1343	-53
3863	1341	-85
3897	1314	-118
3934	1263	-150
3970	1218	-171
3998	1193	-178
4012	1185	-176
4012	1174	-169
3997	1153	-164
3969	1135	-164
3940	1123	-173
3918	1120	-192
3903	1123	-203
3897	1119	-206
3904	1115	-207
3924	1117	-211
3952	1119	-222
3986	1120	-238
4008	1119	-242
4003	1115	-233
3980	1107	-217
3957	1099	-196
3944	1099	-181
3935	1113	-174
3920	1129	-169
3905	1134	-169
3900	1140	-166
3902	1154	-159
3907	1172	-152
3913	1189	-148
3920	1203	-145
3931	1213	-139
3944	1212	-133
3960	1207	-126
3970	1212	-114
3969	1217	-104
3965	1216	-97
3959	1210	-89
3947	1198	-85
3929	1183	-81
3913	1173	-75
3904	1169	-71
3899	1169	-69
3900	1171	-68
3904	1166	-69
3910	1151	-76
3922	1130	-99
3943	1123	-125
3971	1136	-146
3994	1147	-157
3994	1156	-158
3994	1159	-158
4003	1158	-152
3996	1154	-144
3984	1148	-143
3970	1133	-147
3954	1133	-151
3941	1133	-151
3937	1115	-144
3941	1114	-144
3939	1115	-139
3924	1120	-139
3909	1127	-139
3904	1126	-141
3910	1120	-145
3926	1124	-152
3949	1138	-159
3972	1154	-166
3988	1165	-166
3984	1170	-158
3960	1176	-146
3934	1180	-139
3921	1176	-139
3923	1172	-143
3925	1176	-143
3917	1175	-143
3903	1159	-139
3893	1138	-136
3897	1128	-139
3910	1130	-139
3928	1134	-138
3953	1137	-149
3979	1136	-165
4000	1134	-173
4015	1135	-178
4018	1141	-186
4013	1137	-186
4010	1139	-177
4010	1144	-172
4001	1137	-160
3982	1134	-142
3971	1136	-124
3965	1143	-104
3960	1152	-90
3954	1164	-85
3947	1169	-81
3942	1172	-77
3946	1175	-74
3950	1174	-76
3949	1175	-82
3949	1179	-90
3952	1185	-98
3962	1190	-106
3971	1198	-111
3974	1202	-113
3975	1196	-114
3973	1192	-115
3969	1192	-120
3961	1183	-127
3953	1169	-135
3946	1163	-146
3942	1165	-153
3942	1164	-152
3947	1155	-144
3957	1147	-141
3969	1153	-148
3988	1162	-157
4012	1165	-163
4023	1158	-161
4011	1147	-149
3984	1148	-132
3961	1151	-122
3951	1150	-116
3951	1154	-109
3951	1151	-102
3944	1139	-94
3938	1125	-90
3939	1111	-89
3950	1101	-94
3966	1092	-97
3981	1092	-98
3994	1084	-98
4006	1084	-98
4014	1083	-98
4019	1087	-89
4021	1093	-83
4022	1093	-83
4027	1093	-83
4033	1086	-70
4035	1068	-59
4033	1042	-44
4030	1011	-27
4026	991	-13
4022	977	1
4019	962	16
4022	948	25
4030	942	26
4039	938	23
4048	934	24
4057	933	27
4061	930	29
4058	934	33
4056	940	37
4053	944	34
4050	962	27
4045	1011	19
4034	1066	6
4023	1095	-2
4020	1132	-8
4018	1189	-20
4015	1237	-27
4009	1278	-34
3985	1301	-39
3945	1305	-40
3896	1320	-34
3834	1346	-20
3761	1372	0
3696	1397	16
3637	1424	31
3562	1473	47
3475	1544	61
3406	1617	66
3378	1690	53
3414	1771	17
3487	1866	-37
3550	1990	-94
3606	2118	-151
3661	2215	-207
3721	2275	-253
3769	2306	-289
3781	2328	-324
3764	2354	-353
3729	2374	-371
3690	2371	-371
3654	2364	-347
3612	2379	-288
3567	2402	-200
3519	2404	-114
3465	2386	-48
3413	2370	5
3371	2377	49
3350	2426	98
3362	2531	156
3410	2575	173
3473	2439	132
3527	2206	70
3575	1998	-1
3615	1824	-78
3641	1716	-150
3648	1699	-208
3641	1742	-241
3627	1804	-257
3627	1834	-272
3627	1838	-257
3621	1783	-197
3630	1760	-155
3633	1874	-136
3631	1999	-93
3636	1999	-45
3653	2045	-35
3667	2045	-45
3668	1981	-58
3662	1902	-91
3657	1853	-107
3657	1832	-93
3656	1814	-93
3662	1778	-93
3693	1695	-79
3759	1627	-83
3859	1640	-91
3983	1686	-98
4143	1698	-110
4323	1639	-120
4500	1546	-134
4664	1476	-180
4787	1423	-257
4862	1351	-322
4918	1278	-365
4989	1225	-385
5061	1144	-382
5099	1046	-365
5104	979	-352
5081	935	-355
5041	883	-378
5005	775	-418
4960	611	-493
4862	464	-584
4678	324	-642
4399	141	-674
4040	-82	-695
3648	-313	-711
3265	-524	-738
2942	-711	-781
2750	-848	-818
2760	-880	-807
3037	-738	-729
3604	-383	-600
4502	49	-507
5788	400	-592
7404	746	-908
9270	1162	-1314
11213	1643	-1651
12724	2498	-1936
13201	3896	-2125
12766	5307	-2100
12012	6205	-1976
11004	6644	-1833
9652	6850	-1547
8094	6882	-1125
6462	6687	-690
4862	6231	-325
3344	5649	-87
1840	5201	16
253	5027	35
-1452	5033	73
-3187	5033	248
-4697	4930	550
-5824	4727	809
-6683	4469	832
-7462	4300	517
-8205	4378	-61
-8717	4649	-659
-8717	4987	-968
-8057	5283	-851
-6847	5528	-491
-5344	5835	-176
-3803	6357	-133
-2354	7089	-396
-2354	8013	-912
462	9430	-1532
2221	11805	-2088
2112	11805	-2516
4528	17715	-2805
8258	18832	-3327
13582	17808	-4137
17556	15546	-4909
17641	13805	-5478
16405	13631	-5554
15883	11878	-5315
15565	9691	-5221
15160	6803	-5221
14556	3466	-5288
13574	403	-4997
12279	-2072	-5074
10749	-4199	-4725
9039	-6005	-4117
7431	-7529	-3276
6368	-8681	-2321
5884	-8993	-1364
5556	-8469	-417
5145	-7641	273
4776	-6913	591
4775	-6187	764
5433	-4973	911
6849	-2664	930
9109	985	767
12263	5447	450
15071	10174	74
15285	14223	131
13948	16546	145
12624	17030	-359
10372	16839	-520
7365	16549	-378
4241	15334	-455
1324	13209	-744
-1128	11087	-1090
-3229	9616	-1212
-5139	8533	-919
-6947	7328	-319
-8616	5935	343
-10009	4591	911
-11045	3522	1269
-11689	2898	1308
-11835	2655	1044
-11392	2507	637
-10491	2276	267
-9342	2039	85
-8045	1964	112
-6668	2089	312
-5291	2384	621
-3962	3050	856
-2743	4447	873
-1705	6892	610
-761	10541	128
438	14974	-333
2582	19006	-403
6077	21228	-532
10484	21181	-1417
13327	19521	-2522
12964	17111	-3239
11679	14484	-3692
11293	11688	-3974
11195	8614	-4018
10796	5371	-3841
10221	2322	-3478
9496	-327	-3172
8488	-2574	-3173
7294	-4496	-3348
6186	-6219	-3304
5405	-7536	-2908
4966	-8114	-2380
4726	-7864	-1805
4726	-7065	-1261
4470	-6162	-952
4854	-5353	-950
4732	-4526	-1075
4951	-3206	-996
5333	-810	-702
6022	-810	-169
7258	6870	450
9183	10971	1017
11164	13969	1591
11932	13910	1669
11288	15321	970
10362	15252	427
9266	14659	427
7058	14389	939
4755	14590	587
3307	13907	417
1567	11922	365
-647	9923	219
-2614	8491	268
-4205	7503	497
-5631	6509	799
-6973	5284	1045
-8231	3952	1139
-9276	2781	1098
-9883	1957	959
-9913	1565	745
-9409	1509	525
-8561	1551	383
-7538	1639	348
-6429	1902	359
-5319	2396	363
-4257	3105	334
-3261	4231	250
-2277	5998	57
-1290	8379	-197
-306	11232	-376
965	14088	-435
3060	16426	-602
6035	17772	-1033
8899	17861	-1699
10157	16836	-2564
9839	14871	-3503
9530	12323	-4234
9744	9713	-4517
9903	7288	-4474
9690	4806	-4183
9220	2164	-3654
8618	-218	-3162
7858	-1974	-2996
6960	-3331	-2946
6027	-4682	-2626
5276	-5942	-2120
4811	-6725	-1705
4481	-6831	-1415
4227	-6372	-1184
4097	-5680	-1060
4116	-4958	-1038
4415	-3813	-984
5170	-1665	-892
6251	1421	-705
7472	5372	-165
9448	9931	365
11186	13741	737
11163	15975	1062
10373	16588	793
9293	16352	297
7423	15855	347
5016	14885	529
2603	13325	449
469	11244	291
-1406	9280	150
-3161	7835	103
-4884	6826	211
-6558	5984	471
-8037	5144	777
-9076	4352	979
-9549	3681	1055
-9575	3134	998
-9575	2739	809
-8551	2477	586
-7643	2326	433
-7646	2326	382
-6484	2389	424
-5435	3094	494
-4286	4118	512
-3070	5449	433
-1977	7593	335
-1009	7548	290
37	10333	379
1529	12995	379
3532	15063	14
5982	15086	-1266
8590	14924	-1128
10359	14025	-2468
10581	12427	-3494
10108	10290	-4115
9847	7887	-4381
9612	5556	-4239
9151	3494	-3711
8524	1725	-2940
7717	250	-2306
6678	-914	-2167
5598	-2016	-2401
4743	-3310	-2637
4134	-4571	-2646
3671	-5333	-2453
3330	-5430	-2155
3104	-5029	-1815
3024	-4392	-1554
3048	-3772	-1447
3177	-3113	-1324
3595	-1897	-1059
4368	246	-773
5654	3285	-557
7592	6998	-381
9562	11091	-6
10462	14725	563
10095	16430	632
9165	16331	279
7835	15807	251
5955	15466	401
3777	14833	386
1694	13231	150
-148	11033	-220
-1812	8980	-500
-3338	7333	-509
-4768	5898	-220
-6119	4486	219
-7429	3234	723
-8715	2371	1288
-9656	1922	1823
-9839	1756	2200
-9276	1727	2347
-8282	1769	2284
-7132	1907	2042
-5955	2097	1628
-4861	2278	1113
-3834	2732	520
-2924	4064	-37
-1970	6586	-330
-824	9987	-302
282	13394	77
1559	15871	523
3611	17353	297
6356	17964	-654
8719	17539	-1745
9684	16083	-2805
9549	13609	-3919
9280	10372	-4835
9046	7000	-5224
9046	4146	-5179
8022	1922	-4919
7677	48	-4641
7641	48	-4430
6989	-2839	-4239
6245	-3892	-4011
5516	-3892	-3703
4910	-5428	-3388
4461	-5815	-3070
4137	-5769	-3070
3909	-5095	-2529
3836	-5095	-2457
3978	-4620	-2457
4281	-3915	-2201
4701	-2681	-1683
5294	-550	-1626
6366	2804	-779
8109	7030	22
9964	11373	541
10785	15247	1041
10375	17824	1312
9666	18304	845
8427	17348	383
6228	16278	500
3682	15299	733
1443	13757	775
-444	11530	738
-2144	9239	833
-3593	7469	1021
-4828	6316	1274
-5916	5432	1573
-7006	4521	1821
-8137	3517	1946
-9090	2575	1911
-9572	1824	1667
-9506	1270	1267
-9062	870	811
-8399	597	397
-7563	553	123
-6519	912	18
-5317	1773	16
-4104	3095	108
-2971	5011	285
-1824	7658	340
-578	10862	144
806	14385	-77
2666	17582	-332
5588	19332	-1012
9151	19234	-1835
11100	17825	-2304
10683	15812	-2738
9828	13623	-3396
9851	11154	-4065
10314	8344	-4673
10338	5462	-5107
9754	2843	-5155
8860	657	-4735
7778	-1228	-4045
6618	-2755	-3387
5622	-3741	-2831
4882	-4419	-2303
4385	-5034	-1812
4104	-5510	-1479
3913	-5646	-1315
3668	-5349	-1227
3459	-4799	-1245
3476	-4253	-1345
3758	-3564	-1399
4274	-2061	-1224
5254	531	-866
6811	4325	-287
8980	9076	228
11104	13712	377
11419	17243	658
10662	18399	295
10073	17353	-659
8536	16069	-705
6135	15217	-138
3874	13968	196
3874	11948	278
340	9791	355
-1196	8116	468
-2384	6958	566
-2430	5958	670
-3769	4870	823
-5195	3743	1042
-6647	2719	1333
-7999	2236	1630
-9053	1543	1817
-9679	1695	1817
-9890	1381	1686
-9723	1381	1379
-9270	1277	1379
-8636	1421	611
-7889	1868	417
-7067	2571	413
-6190	3333	155
-5284	4159	-168
-4403	5262	-568
-3530	6852	-968
-2772	9167	-1575
-1990	12238	-1728
-786	15632	-2253
979	18598	-2792
3419	20617	-3111
6186	21754	-3149
8015	21938	-3253
8218	20866	-3674
7886	18781	-4314
8135	16178	-5018
8683	13331	-5614
8811	10395	-5825
8448	7475	-5675
7967	4710	-5385
7714	2185	-5108
7759	-132	-5192
7711	-2227	-5528
7211	-3944	-5605
6474	-5169	-5155
5859	-6080	-4333
5382	-6835	-3512
4949	-7310	-2843
4576	-7350	-2332
4383	-7002	-1873
4361	-6412	-1426
4311	-5664	-1026
4222	-4758	-656
4150	-3615	-244
4017	-2304	267
3912	-983	844
4026	432	1269
4506	2146	1375
5439	4137	1360
6870	5910	1439
8747	7184	1465
10802	8963	1305
12502	11487	1149
13122	13295	869
12614	13851	316
11421	13965	77
9601	13826	354
7304	13153	705
5132	11910	889
3391	10263	823
1963	8722	619
894	7665	424
223	7168	345
-191	6926	481
-614	6658	822
-1212	6343	1273
-1942	5972	1731
-2710	5529	2137
-3466	5057	2402
-4229	4572	2477
-5049	4117	2383
-5884	3653	2247
-6554	3109	2166
-6845	2575	2142
-6721	2201	2181
-6415	2057	2180
-6415	2158	2004
-5647	2473	1555
-5545	2828	792
-5467	3101	-165
-5106	3494	-1088
-4725	4496	-1857
-4337	6544	-2580
-3809	9004	-3394
-3011	12224	-4459
-1924	12138	-5807
-480	15017	-7370
1509	17746	-8826
4231	20124	-8826
7630	21366	-9594
10113	20941	-9439
9884	19131	-9239
8226	16777	-8633
7186	14584	-8110
6990	12606	-7737
6997	10701	-7472
6809	8969	-7228
6568	7579	-6993
6388	6497	-6811
6234	5484	-6681
6085	4384	-6503
5964	3241	-6192
5871	2172	-5743
5775	1242	-5230
5637	326	-4585
5517	-617	-3594
5451	-1344	-2268
5326	-1691	-946
5138	-1856	-9
4942	-2200	519
4730	-2624	715
4479	-3032	543
4233	-3649	271
4112	-4399	206
4171	-4965	434
4393	-5006	910
4700	-4387	1445
5080	-3170	1857
5615	-1464	2036
6376	512	1944
7371	2530	1682
8594	4574	1447
9854	7002	1312
10795	9991	1553
10967	12484	2065
10816	13247	2159
10604	13033	1837
9624	13236	1616
8057	13637	1401
6471	13380	975
4948	12349	582
3448	10992	392
2066	9764	416
896	8855	545
-175	8186	685
-1403	7642	799
-2982	7158	832
-4981	6752	772
-7106	6384	682
-8728	5994	548
-9438	5701	371
-9399	5603	212
-9001	5565	47
-8405	5411	-183
-7586	5307	-474
-6581	5575	-749
-5469	6324	-1000
-4222	7362	-1302
-2812	8456	-1664
-1256	9753	-2066
474	11585	-2596
2411	13858	-3250
4496	16054	-3934
7149	17564	-4652
11421	17747	-5734
15188	16162	-6974
15188	13412	-7455
13652	10574	-7110
12718	8056	-6495
12699	5870	-5879
12131	3846	-5295
11408	1924	-4735
10443	1924	-4226
9493	-1148	-3771
8566	-2126	-3404
7574	-3544	-3128
6558	-4769	-2848
5580	-4732	-2480
4738	-5622	-2009
4185	-5897	-2009
3998	-5577	-985
4138	-4894	-727
4522	-4094	-653
5067	-3302	-478
5685	-2368	-248
6436	-629	52
7637	2107	391
9363	5252	713
11041	8383	880
11636	11386	1081
10649	13727	1315
8997	14495	896
7375	14136	146
5365	14017	158
2944	14373	668
745	14345	929
-900	13348	924
-2279	11815	962
-3727	10458	1152
-5279	9287	1340
-6892	7917	1327
-8446	6269	1077
-9609	4602	673
-10074	3247	248
-9813	2415	-120
-9020	2095	-366
-7913	2168	-432
-6668	2466	-369
-5420	2877	-260
-4208	3434	-246
-3052	4292	-444
-1989	5688	-796
-981	7729	-1090
138	10387	-1117
1635	13310	-842
3597	15604	-728
5971	16594	-1366
8873	16202	-2930
11361	14497	-4680
11840	11816	-5553
10815	8973	-5553
9859	6582	-5063
9407	4543	-4216
9048	2585	-3223
8294	730	-2503
7218	-950	-2394
6190	-2580	-2661
5336	-4177	-2855
4630	-5436	-2806
4081	-6088	-2505
3703	-6019	-2020
3568	-5344	-1534
3685	-4534	-1318
3946	-3922	-1342
4393	-2853	-1202
5181	-584	-861
6386	2598	-476
8095	6127	-239
9852	9722	-218
10622	12899	-90
9872	14672	22
8647	14718	-329
7714	13975	-476
6306	13754	87
4406	13831	642
2514	13063	737
602	11416	501
-1402	9589	191
-1402	8059	5
-5242	6791	51
-6823	5660	309
-6851	4715	683
-7981	4041	1084
-8682	3567	1439
-9122	3567	1612
-9392	3055	1542
-9375	2339	1338
-8976	2347	1183
-8209	1944	1138
-7114	1985	1138
-5898	2679	1138
-4686	3893	1223
-3422	5352	1166
-2181	7053	901
-1076	9272	490
45	12052	236
1543	14642	156
3630	16081	-280
6339	16274	-1419
9304	15490	-2963
11255	13877	-4339
11514	11574	-5125
11130	8894	-5352
10952	6323	-5232
10827	4022	-4859
10461	1913	-4293
9659	32	-3693
8479	-1477	-3315
7270	-2760	-3094
6278	-4077	-2749
5523	-5268	-2227
5043	-5863	-1677
4799	-5625	-1234
4671	-4811	-938
4666	-3894	-829
4723	-3012	-773
4997	-1520	-644
5734	631	-466
6703	3359	-131
7873	6876	241
9145	10501	387
9717	13481	379
9147	15131	207
8160	15268	-436
7203	14652	-957
5757	14151	-752
3821	13713	-327
1855	12790	-80
-17	11394	33
-1765	9971	112
-3310	8876	153
-4704	8076	174
-6130	7347	224
-7593	6555	319
-8764	5732	442
-9343	5040	593
-9397	4584	749
-9092	4331	889
-8448	4279	1004
-7466	4489	1077
-6232	4907	1105
-4853	5534	1008
-3412	6417	762
-1877	7461	412
-359	8716	61
1002	10425	-152
2454	12387	-341
4164	13879	-661
6191	14472	-1268
8681	14086	-2446
11167	12768	-3960
12324	10749	-4924
11953	8441	-4949
11953	6317	-4587
10929	4542	-4400
10707	2867	-4498
9849	1053	-4631
9817	-726	-4527
8503	-2204	-4230
7018	-2204	-3820
5822	-4252	-3217
5082	-4468	-2494
4638	-4216	-1829
4368	-4139	-1354
4214	-3546	-1109
4085	-2942	-1000
3925	-2413	-943
3778	-1915	-943
3742	-1247	-905
3976	-249	-821
4571	1083	-530
5403	2925	449
6374	5460	328
7506	8482	329
8375	11486	81
8477	13715	42
8239	14703	34
7913	14417	-154
6967	13596	-249
5360	13014	-220
3515	12445	-190
1581	11585	-60
-417	10601	188
-2317	9829	388
-3956	9220	372
-5377	8579	133
-6668	7819	-143
-7675	6932	-261
-8169	6114	-193
-8133	5585	-9
-7661	5306	207
-6859	5083	365
-5812	4857	452
-4623	4782	509
-3404	5013	536
-2202	5618	496
-994	6753	445
383	8589	360
1982	10734	251
3732	12535	253
5481	13714	102
7237	13995	-690
9314	13134	-2176
11214	11250	-3716
11807	8828	-4574
11114	6570	-4915
10157	4773	-5124
9463	3056	-5011
8777	1220	-4405
7770	-338	-3553
6509	-1257	-2937
5346	-1735	-2770
4525	-2288	-2821
4050	-3157	-2823
3811	-4039	-2755
3701	-4413	-2608
3676	-4108	-2361
3757	-3277	-2016
3998	-2320	-1745
4295	-1584	-1659
4767	-1092	-1690
5469	-446	-1482
6485	944	-1063
8155	3216	-771
10149	6219	-695
11669	9644	-726
12056	12478	-500
11180	14688	-53
11180	15575	-36
9132	14807	-389
7033	14205	-448
7117	13937	-321
4766	13222	-301
2443	12001	-293
76	12001	4
-2392	9697	598
-4802	8869	1190
-6813	8799	1423
-8213	8126	1168
-9069	7593	641
-9581	7063	641
-9815	6400	-127
-9576	5734	-150
-8751	5280	-111
-7552	5201	110
-6234	5483	330
-4897	5958	453
-3590	6607	363
-2301	7493	19
-882	8292	-625
430	9327	-1366
1567	11555	-1859
2991	14603	-2049
4992	16854	-2356
8109	16966	-3327
12266	15018	-4928
14634	12026	-6094
13853	9078	-6222
12246	6752	-5838
11434	4932	-5239
11188	3368	-4574
10620	1922	-3977
9449	580	-3613
8050	-732	-3553
6735	-2180	-3552
5576	-3762	-3326
4621	-5145	-2821
3933	-5821	-2188
3549	-5546	-1588
3475	-4631	-1118
3557	-3619	-829
3655	-2873	-665
3795	-2377	-516
4013	-1817	-395
4327	-874	-242
4800	799	125
5809	3406	512
7481	6550	776
9383	9565	813
10787	12268	627
10953	14258	451
10166	14696	-5
9165	13977	-479
7810	13360	-419
5986	13168	-193
4119	12781	-158
2413	11718	-230
860	10283	-293
-529	9038	-293
-1771	8084	-274
-2977	7174	-283
-4341	6088	-223
-5992	4860	-80
-7774	3672	127
-9209	2752	421
-9869	2284	764
-9761	2218	1050
-9201	2298	1196
-8446	2330	1196
-7566	2328	1084
-7566	2278	897
-5518	2327	740
-4500	2856	596
-4467	4109	416
-3477	6109	206
-2574	8804	-118
-1632	8804	-483
-607	14948	-849
568	17599	-1476
2082	17438	-2409
4107	18853	-3247
6420	19362	-3854
8195	19203	-3854
8889	18310	-5134
8972	16376	-6144
9061	13716	-5975
9077	11108	-6048
8747	8905	-5568
8236	7028	-4880
7805	5329	-4471
7538	3680	-4513
7432	1947	-4806
7294	3	-5125
6840	-2156	-5276
6039	-4366	-4977
5134	-6211	-4252
4315	-7197	-3454
3652	-7338	-2739
3155	-7166	-2011
2713	-7093	-1269
2396	-6973	-733
2493	-6495	-498
2787	-5680	-399
2825	-4551	-162
2784	-3033	434
2955	-1163	1215
3313	909	1776
3770	2708	2042
4242	4039	2225
4755	5208	2390
5506	6415	2496
6644	8045	2443
7897	9963	2013
8751	11297	1133
8732	11791	176
7943	11658	-433
7108	11205	-649
6551	11014	-443
6120	11207	82
5554	11240	558
4700	10831	723
3672	10107	551
2618	9209	192
1566	8237	-213
564	7205	-522
-272	6141	-596
-889	5239	-433
-1342	4755	-98
-1747	4709	359
-2298	4916	840
-3113	5135	1215
-4099	5125	1410
-4994	4817	1493
-5496	4326	1551
-5561	3810	1480
-5431	3398	1177
-5386	3163	658
-5500	3159	-6
-5703	3392	-645
-5839	3668	-973
-5758	3914	-1006
-5473	4313	-1180
-5095	5070	-1781
-4701	6292	-2838
-4211	7905	-4357
-3499	9780	-6071
-2475	11666	-7419
-1512	13368	-8273
-1328	15032	-8740
347	16629	-8810
2645	17933	-8717
5140	17933	-8798
7093	17421	-9031
7873	15580	-9091
7500	15519	-8859
6837	13247	-8429
6555	11450	-7869
6579	9938	-7869
6631	8392	-6845
6558	6860	-6171
6352	5556	-5919
6041	4450	-5919
5671	3362	-5533
5272	2251	-5123
4843	1160	-4721
4462	116	-4246
4134	-846	-3600
3781	-1646	-2815
3437	-2204	-2039
3151	-2498	-1416
2929	-2679	-950
2763	-2862	-637
2628	-2929	-487
2527	-2784	-402
2467	-2437	-288
2473	-1906	-96
2650	-1233	237
2960	-437	711
3258	426	1129
3612	1330	1236
4128	2452	1021
4826	3798	766
5608	5152	659
6394	6698	598
7173	8624	453
7839	10430	209
8149	11654	-46
7969	12376	-172
7424	12757	-110
6697	12771	-4
5860	12316	-13
4936	11539	-134
4048	10728	-270
3275	9951	-407
2569	9205	-530
1871	8569	-533
1170	8065	-360
462	7691	-89
-296	7410	111
-1132	7064	161
-2089	6562	45
-3195	5911	-149
-4434	5161	-288
-5745	4469	-346
-7045	3924	-307
-8303	3571	-178
-9397	3405	-61
-10103	3312	-39
-10284	3305	-151
-9936	3446	-359
-9181	3725	-548
-8192	4163	-675
-7094	4764	-784
-5928	5573	-981
-4721	6695	-1299
-3528	8325	-1721
-2375	10563	-2345
-2375	13265	-3038
441	16206	-3557
3004	18892	-4159
6481	20514	-5106
6507	20441	-6264
10840	18183	-7144
13440	18183	-7218
13097	10759	-6626
11792	8331	-5887
11025	8327	-5887
10777	6220	-4890
10643	4077	-4547
10382	1900	-4547
9805	-1924	-4375
8852	-1949	-4375
7720	-3530	-4332
6645	-4993	-4035
5760	-6254	-3413
5144	-6863	-2633
4842	-6637	-1856
4795	-5794	-1215
4851	-4777	-808
4915	-3815	-664
4996	-2693	-629
5310	-957	-507
6213	1533	-243
7754	4967	305
9884	9089	921
11525	12645	1397
11477	15091	1690
10764	16086	1197
10171	15772	206
8541	14959	16
5737	14040	698
3007	12769	1269
732	10951	1301
-1604	9131	946
-4191	7804	518
-6523	6919	285
-8141	6164	258
-8955	5496	391
-9139	5059	531
-8993	4886	543
-8685	4860	433
-8202	4988	319
-7474	5287	324
-6515	5700	416
-5411	6136	510
-4269	6616	531
-3144	7361	449
-1925	8542	341
-427	10136	270
1496	11873	185
3827	13329	-40
6292	14288	-600
8930	14459	-1766
11916	13386	-3590
13854	10996	-5196
13770	8063	-5825
12613	5481	-5522
11471	3499	-4882
10810	2043	-4334
10088	718	-3647
8823	-641	-2991
7321	-1864	-2755
5999	-3032	-2883
5006	-4311	-2984
4313	-5462	-2817
3523	-5885	-2274
3565	-4550	-1699
4183	-2839	-1425
4183	-2237	-1052
3159	-1843	-587
3357	-995	-325
3869	494	-171
4092	2430	59
5117	4893	407
6297	4893	734
7583	11037	1033
8711	14220	1169
9270	14139	842
8917	15322	298
7877	14474	-15
6462	12371	-133
4820	12371	-133
3186	11845	123
1585	11059	4
19	9971	251
-1475	8857	413
-2985	7890	391
-4648	7021	249
-6366	6099	88
-7783	5115	-28
-8620	4203	-73
-8911	3493	-116
-8817	2989	-221
-8395	2717	-390
-7592	2813	-486
-6403	3466	-379
-4962	4704	-94
-3439	6219	225
-1950	7918	412
-481	10081	384
1212	12676	262
3427	15012	124
6101	16437	-101
8765	16855	-450
10543	16338	-892
11131	14868	-1437
11369	12795	-2256
11788	10536	-3255
12174	8115	-3997
12209	5705	-4344
11729	3553	-4571
10784	1629	-4764
9593	-97	-4661
8326	-1537	-4143
6957	-2663	-3618
5650	-3553	-3472
4719	-4477	-3562
4248	-5485	-3551
4164	-6115	-3345
4382	-5836	-3059
4752	-4778	-2757
5107	-3622	-2523
5407	-2773	-2395
5819	-2090	-2235
6451	-638	-1714
7611	2555	-973
9455	6882	-409
11357	11257	-79
11829	14944	296
10697	17303	458
9420	17461	-381
8130	16158	-1088
6246	15282	-458
3957	14809	600
1686	13931	1273
-529	12395	1662
-2745	10569	1832
-4986	8880	1682
-7136	7450	1366
-8765	6184	1059
-9523	5106	846
-9527	4342	753
-9202	3991	727
-8860	4006	683
-8604	4157	592
-7727	4299	484
-7915	4505	402
-7036	4881	375
-5941	5464	342
-4760	5464	235
-3560	7599	61
-2312	9647	-149
-982	9485	-316
493	12026	-436
2247	14608	-561
4288	16507	-848
6582	17514	-1616
9074	17577	-2940
11216	16475	-2943
12237	14233	-4147
12131	11464	-4785
11574	8830	-4904
11058	6422	-4759
10654	4049	-4466
10217	1804	-4068
9515	-94	-3608
8423	-1428	-3321
7068	-2277	-3358
5747	-3116	-3506
4698	-4212	-3468
3934	-5282	-3226
3518	-5785	-2856
3554	-5498	-2407
3838	-4591	-1974
4059	-3455	-1640
4145	-2456	-1375
4298	-1439	-1149
4779	185	-956
5514	2606	-644
6445	5660	-82
7600	9059	469
8636	12028	570
8507	13787	281
7767	13892	-491
7078	13190	-1328
5693	13057	-1184
4001	13544	-346
2361	13843	423
599	13266	854
-1274	11948	969
-3140	10410	954
-4882	8922	971
-6314	7536	1088
-7349	6307	1269
-8111	5310	1499
-8638	4526	1718
-8802	3881	1778
-8510	3427	1595
-7776	3216	1267
-6763	3224	976
-5674	3495	839
-4628	4073	832
-3630	4967	802
-2638	6252	617
-1585	8027	386
-317	10352	249
1325	12978	179
3284	15167	-48
5335	16288	-782
7636	16132	-2142
10017	14650	-3635
11262	12242	-4455
10958	9837	-4475
10170	7912	-4210
9705	6238	-3932
9435	4447	-3617
8965	2374	-3266
8140	78	-2960
8140	-2271	-2914
6092	-4468	-3140
4912	-6175	-3249
5081	-6175	-2884
4434	-7171	-2113
3891	-6507	-1253
3512	-6507	-581
3349	-4715	-299
3358	-4240	-423
3507	-4231	-423
3749	-3666	-814
4048	-2557	-624
4574	-732	-624
5253	1625	912
6279	4638	1667
7813	8093	1621
9289	11371	1747
10187	13969	1361
10251	15024	875
9791	14535	362
8871	13786	271
7183	13507	731
5082	13230	1174
3151	12303	1305
1500	10766	1192
18	9180	898
-1387	8008	461
-2887	7213	91
-4594	6472	-12
-6210	5599	121
-7390	4804	293
-8193	4324	345
-8851	4030	213
-9413	3636	-117
-9641	3047	-542
-9356	2454	-883
-8635	2097	-1026
-7676	2151	-991
-6617	2727	-862
-5529	3767	-740
-4501	5180	-782
-3561	6986	-1023
-2642	9414	-1254
-1628	12656	-1257
-315	16129	-895
1420	18952	-401
3634	20656	-256
6308	21074	-488
8568	20236	-1001
9277	18289	-1716
8956	15548	-2324
8802	12655	-2638
8896	10216	-2670
8816	8200	-2560
8507	6292	-2659
8184	4346	-3065
7885	2388	-3600
7422	425	-4234
6707	-1486	-4832
5821	-3151	-5157
4989	-4552	-5183
4460	-5701	-5001
4183	-6322	-4614
4007	-6172	-4022
3869	-5427	-3278
3763	-4549	-2525
3703	-4024	-1912
3713	-3853	-1474
3808	-3502	-1162
3835	-2694	-805
3763	-1606	-295
3769	-560	288
3907	349	760
4239	1327	992
4892	2529	1103
4892	4210	1317
7196	6247	1786
8883	8586	2237
10485	11434	2392
10396	13926	2290
11325	15173	1883
10884	14895	1141
9549	14895	441
8142	11567	53
6358	9750	-276
4576	9889	-579
3198	8436	-723
2146	7165	-694
1294	6376	-694
664	6095	-182
202	5987	141
-239	5756	188
-680	5268	330
-1083	4656	297
-1453	4103	213
-1798	3639	195
-2137	3289	277
-2467	3101	470
-2720	3036	798
-2862	3046	1240
-2944	3149	1710
-3002	3330	2125
-3020	3523	2395
-3020	3653	2422
-3049	3666	2196
-3119	3653	1744
-3280	3657	1147
-3561	3605	548
-3888	3440	90
-4166	3316	-273
-4295	3476	-688
-4247	4014	-1160
-4090	4887	-1625
-3821	6046	-2165
-3405	7467	-2949
-2827	9204	-3976
-2003	11259	-5010
-883	13376	-5929
480	15303	-6859
2076	16846	-7747
3905	17844	-8456
5688	18194	-8843
6851	17759	-8851
7053	16562	-8645
6723	14940	-8364
6527	13289	-8076
6705	11854	-7863
7092	10634	-7734
7412	9446	-7592
7506	8159	-7353
7396	6743	-6993
7168	5283	-6529
6888	3926	-5947
6609	2789	-5263
6346	1852	-4562
6095	947	-3756
5858	-53	-2665
5586	-1066	-1449
5202	-1966	-412
4666	-2683	377
4208	-3067	994
3958	-3307	1347
3744	-3636	1371
3514	-3955	1313
3335	-4254	1291
3308	-4371	1336
3412	-4097	1472
3505	-3532	1652
3517	-2791	1884
3589	-1753	2176
3890	-234	2496
4402	1730	2668
4501	3813	2524
4501	5653	2078
6231	7218	1574
7089	8612	1358
7775	8612	1408
8311	10404	1337
8848	11475	1081
9365	11455	980
9616	12942	1014
9279	14197	787
8388	14315	129
7377	13132	-639
6425	11406	-1509
5350	9909	-1464
4074	8893	-1908
2692	8341	-2180
1267	8120	-2340
-169	8079	-2401
-1593	8112	-2333
-3041	8084	-2076
-4539	7906	-1663
-6019	7518	-1154
-7408	6867	-588
-8649	6175	-112
-9605	5758	122
-10094	5655	97
-10039	5764	-211
-9483	5913	-693
-8564	6049	-1055
-7443	6423	-1145
-6160	7154	-1114
-4733	8283	-1314
-3205	9962	-1986
-1524	12095	-2993
424	14273	-3924
2566	16042	-4630
4941	17183	-5488
8439	17416	-6921
12904	16087	-8433
15273	13187	-8891
14884	10020	-8231
13997	7649	-7165
13497	5996	-6187
13134	4344	-5489
12272	2261	-4997
10825	106	-4656
9182	-1712	-4367
7656	-3184	-3964
6389	-4445	-3307
5443	-5264	-2459
4885	-5295	-1577
4769	-4605	-789
4885	-3556	-181
4874	-2440	231
4710	-1441	365
4589	-500	297
4735	880	312
5558	3073	418
7357	5736	477
9679	8194	630
11235	10463	811
11163	12722	915
9905	13812	631
8333	13250	-72
6543	12049	-485
4300	11131	-557
2025	10468	-605
-49	9611	-710
-2167	8586	-677
-4255	7511	-318
-6025	6703	99
-7457	6283	293
-8661	5933	208
-9611	5378	-100
-10123	4678	-421
-10160	4009	-518
-9904	3546	-370
-9734	3470	-154
-8913	3791	22
-7839	4224	98
-6547	4224	9
-5277	4992	-244
-4215	6093	-552
-3125	6054	-552
-1937	7359	-774
-901	8823	-801
72	10551	-801
1137	12506	-545
2303	14418	-1218
3733	15936	-1246
5522	16746	-2172
7573	16537	-3144
9501	15169	-4139
10710	12836	-5064
11003	10164	-5556
10753	7665	-5478
10465	5469	-5141
10277	3580	-4842
9840	1796	-4638
8921	-13	-4483
7653	-1778	-4242
6326	-3286	-3830
5287	-4450	-3270
4725	-5310	-2661
4544	-5663	-2083
4558	-5263	-1577
4680	-4280	-1227
4856	-3166	-1053
5016	-2076	-1026
5367	-704	-958
6287	1325	-623
7748	4119	65
9499	7717	896
11113	11690	1172
11535	15361	1075
10618	16980	613
9328	16088	-506
7849	14604	-1157
6017	13805	-798
3978	13608	-84
1826	13034	431
-454	11782	676
-2833	10338	787
-5069	9174	726
-6905	8281	426
-8338	7424	-58
-9404	6424	-530
-10028	5398	-752
-10156	4774	-623
-9785	4805	-145
-8967	5329	421
-7828	5939	740
-6529	6321	672
-5222	6504	321
-3933	6696	-30
-2609	7291	-200
-1201	8583	-118
319	10480	129
1921	12618	299
3541	14424	191
5108	15494	-378
6794	15644	-1452
8968	14758	-2715
11284	12886	-3822
12632	10393	-4473
12826	7839	-4731
12538	5663	-4757
11928	3578	-4339
11126	1265	-3713
10270	-885	-3372
10270	-2494	-3418
7454	-3662	-3502
6369	-4721	-3228
6348	-5634	-2665
5398	-6037	-2070
4759	-5624	-1565
4403	-5624	-1194
4258	-3576	-940
4159	-2758	-736
3993	-2679	-565
3852	-1992	-384
3872	-1215	-187
4165	-41	-187
4835	1631	69
5860	3650	711
7014	5977	562
8318	8491	764
9702	10881	545
10383	12687	240
10107	13153	4
9357	12579	-195
8376	12205	-178
7097	12426	16
5456	12738	155
3580	12494	175
1722	11552	39
118	10378	-286
-1234	9419	-659
-2593	8729	-838
-4170	8138	-672
-5822	7634	-307
-7189	7338	19
-8091	7150	154
-8564	6781	-8
-8675	6107	-353
-8441	5352	-639
-7830	4811	-721
-6875	4656	-606
-5700	4884	-402
-4431	5425	-214
-3128	6346	-91
-1789	7703	-59
-409	9476	-141
1070	11586	-262
2737	13623	-306
4575	15126	-278
6635	15892	-606
8966	15658	-1677
10983	14233	-3154
11777	11840	-4355
11496	9122	-4920
11001	6693	-4959
10613	4674	-4737
10271	2904	-4415
9772	1133	-3931
8914	-685	-3473
7718	-2326	-3408
6443	-3752	-3579
5458	-5144	-3590
4849	-6452	-3268
4466	-7072	-2693
4205	-6513	-2019
4016	-5149	-1326
3829	-3793	-733
3627	-2881	-363
3603	-2244	-136
4007	-1314	96
4815	350	404
5956	2920	866
7632	6284	1276
9611	9700	1160
11082	12744	735
11305	14835	452
10574	15183	-144
9799	14489	-815
9799	13927	-736
6727	13817	-232
4704	13477	-16
4608	12280	-237
2733	10658	-684
1112	9248	-1171
-370	9248	-1575
-1812	7200	-1821
-3412	6223	-1844
-5252	6311	-1619
-7102	5381	-1260
-8621	4680	-895
-9654	4258	-895
-10278	3962	-639
-10493	3657	-533
-10254	3359	-516
-9572	3180	-449
-8662	3311	-227
-7494	3962	-45
-6099	4852	49
-5020	5889	220
-3709	7329	98
-2377	9419	-270
-1298	12204	-601
227	14975	-824
1940	17135	-842
3833	18563	-1223
6310	19090	-2156
8804	18460	-3246
10077	16557	-4455
10191	13676	-5529
10100	10546	-5891
10090	7858	-5556
9923	5751	-5004
9545	3965	-4671
8986	2149	-4674
8198	63	-4923
7153	-2279	-5301
5992	-4565	-5536
5072	-6409	-5347
4669	-7593	-4654
4633	-7890	-3591
4723	-7217	-2474
4811	-5956	-1644
4770	-4771	-1177
4592	-3958	-932
4429	-3281	-716
4538	-2291	-419
5062	-701	37
5931	1558	695
7142	4382	1404
8741	7656	1970
10536	11047	2125
11869	13935	1816
12162	15645	1275
11765	15932	534
10979	15493	77
9406	15087	372
7219	14576	912
5193	13445	1044
3663	11759	657
2504	10066	64
1535	8817	-388
659	8025	-589
-229	7390	-592
-1180	6634	-445
-2148	5667	-129
-3091	4626	364
-3991	3725	900
-4832	3058	1290
-5594	2567	1419
-6332	2083	1330
-6988	1521	1179
-7347	968	1088
-7267	527	1145
-6805	268	1353
-6157	189	1576
-5509	161	1657
-5509	120	1434
-4485	89	904
-4341	229	271
-4340	728	-239
-4055	1598	-451
-3574	2957	-446
-2905	5005	-543
-2267	7582	-1176
-1782	10144	-2553
-1430	10129	-4347
-1095	12207	-6417
-401	13646	-8547
810	13646	-9827
2349	13590	-10201
3826	13896	-9966
4525	14344	-9739
4344	14292	-9150
3977	13422	-8945
3847	11970	-9156
3910	10369	-9417
4080	8852	-9431
4299	7577	-9257
4452	6566	-8918
4493	5662	-8361
4435	4741	-7639
4322	3810	-6857
4197	2877	-5994
4025	1923	-5025
3773	942	-3964
3490	-82	-2844
3186	-1097	-1803
2841	-1956	-884
2498	-2581	-100
2246	-2955	464
2138	-3048	815
2189	-2862	1060
2361	-2526	1297
2607	-2200	1506
2895	-1920	1698
3204	-1616	1886
3522	-1212	2001
3777	-725	2014
3959	-152	1932
4144	574	1750
4409	1399	1529
4736	2321	1333
5185	3474	1041
5911	4775	477
6858	5901	-343
7698	6680	-1217
8115	7180	-1926
8154	7646	-2325
8091	8489	-2220
8085	9870	-1523
8066	11547	-574
7751	13033	181
6983	13815	533
5884	13562	542
4645	12452	377
3409	11080	198
2311	9868	159
1480	8941	436
871	8335	1073
202	8109	1857
-932	8171	2552
-2914	8224	3133
-5683	7925	3708
-8430	7173	4158
-10211	6331	4270
-10875	5839	4091
-11031	5805	3786
-11124	6199	3421
-11004	6905	3050
-10510	7655	2673
-9729	8293	2077
-8793	8911	935
-7701	9797	-697
-6352	11241	-2289
-4799	13306	-3403
-3263	15757	-4074
-1395	18402	-4673
653	21011	-5524
653	22804	-6647
3400	22876	-8287
6684	20746	-10217
9838	20746	-11261
11411	12810	-11019
11062	10661	-10056
10255	10537	-9119
10124	8900	-8654
10567	7194	-8561
10917	2066	-8548
10656	2066	-8548
9679	-893	-7524
8439	-3367	-6318
7523	-5032	-6200
7070	-5796	-4447
6829	-5740	-2761
6437	-5117	-1397
6160	-4324	-531
6195	-3727	-298
5957	-3081	327
5499	-2179	296
5345	-1468	798
5533	-727	1142
5963	773	1447
6891	2845	1703
8408	5326	1752
10524	8392	1400
12889	11642	744
13976	14388	250
13315	15843	-141
12206	15596	-868
10935	14224	-1448
8846	12988	-1285
6170	12421	-861
3605	11801	-746
1287	10543	-824
-952	8947	-882
-3046	7576	-1038
-4862	6613	-1357
-6473	5948	-1579
-7934	5565	-1507
-9014	5442	-1180
-9566	5478	-775
-9703	5615	-505
-9546	5731	-420
-9121	5821	-438
-8388	6025	-468
-7356	6411	-429
-6105	7051	-305
-4706	8031	-125
-3173	9318	60
-1542	10877	220
174	12884	310
2143	15142	171
4235	17021	-290
6066	18048	-1142
7959	17907	-2486
10385	16460	-4146
12379	13929	-5456
12931	11022	-5829
12595	8361	-5611
12141	6168	-5349
11692	4305	-5098
11027	2411	-4790
9964	405	-4462
8575	-1419	-4233
7140	-2939	-4147
5964	-4397	-4038
5182	-5728	-3704
4808	-6399	-3146
4795	-5975	-2541
4964	-4728	-1953
5120	-3377	-1378
5120	-2322	-955
5376	-1583	-723
5979	-651	-520
5920	1051	-319
6947	3763	152
8643	7823	798
11014	7823	1012
13232	16527	1372
13069	17361	1499
10794	17348	302
9075	15502	-869
7883	13601	-862
5972	13333	-862
3623	13758	162
1373	13235	338
-628	11464	688
-2498	9355	1002
-4428	7743	994
-6445	6708	1279
-8371	6023	1500
-9922	5469	1466
-10858	4866	1233
-11182	4276	881
-11015	3956	494
-10345	4060	231
-9211	4442	166
-7830	4951	265
-6367	5532	455
-4858	6192	672
-3419	7254	753
-1985	9140	640
-558	11828	567
914	14824	616
2791	17383	648
5239	18865	336
8270	19066	-632
11187	18011	-2151
12681	15858	-3828
12660	13003	-5055
12334	9926	-5534
12330	6888	-5564
12401	3987	-5278
12158	1117	-4561
11399	-1596	-3764
10137	-3728	-3290
8638	-5155	-3168
7266	-6128	-3216
6144	-6829	-3193
5262	-7268	-2979
4695	-7389	-2556
4578	-6995	-2110
4872	-6147	-1762
5335	-5055	-1483
5765	-3667	-1226
6366	-1741	-822
7429	979	-107
9189	4596	598
11406	8708	615
12997	12501	232
12955	14991	216
12002	15899	120
11342	16056	-176
10145	16256	288
7684	16263	1271
4789	15451	1850
2263	13744	1819
138	11579	1238
-1884	9634	370
-3872	8204	-316
-5628	7209	-548
-6951	6589	-342
-7797	6264	208
-8243	6092	888
-8447	5919	1359
-8529	5653	1397
-8431	5387	1086
-7995	5212	736
-7167	5103	604
-6064	5122	769
-4784	5516	1094
-3532	6278	1363
-2274	7343	1451
-2274	8933	1268
-1097	11049	901
234	11049	579
1785	14889	287
3492	15959	-252
5244	15703	-1410
7164	15860	-1410
9349	14795	-4513
10932	12945	-5223
11062	10581	-5289
10417	8293	-5033
10057	6344	-5056
10234	4328	-4653
10419	2037	-3960
9910	-292	-3253
8729	-2379	-3176
7397	-4052	-3504
6288	-5327	-3696
5473	-6414	-3397
4963	-7118	-2627
4801	-6946	-1780
4870	-5906	-1097
4977	-4408	-679
5012	-2912	-478
5048	-1569	-368
5269	142	-278
5993	2519	-207
7400	5291	-31
9419	8472	107
11771	11970	-299
12857	14882	-1026
11774	16037	-1694
9902	15878	-2179
8259	15303	-1748
6362	14734	-789
3932	14225	-262
1391	13216	-318
-1228	11655	-832
-3919	9764	-1292
-6184	8027	-1459
-7648	6977	-1360
-8527	6549	-973
-9093	6395	-404
-9349	6372	93
-9207	6355	406
-8703	6250	525
-7911	6064	463
-6907	5845	413
-5743	5816	535
-4371	6128	730
-2935	6692	782
-1729	7641	706
-433	9141	587
1194	10896	360
2863	12422	-1
4360	13320	-587
5659	13382	-1413
7149	12508	-2502
8992	10750	-3709
10311	8456	-4407
10357	6359	-4439
9590	4956	-4158
8882	3820	-3747
8526	2470	-3280
8094	913	-2849
7235	-726	-2696
6123	-2176	-2904
5104	-3323	-3156
4292	-4336	-3122
3686	-4997	-2735
3347	-4888	-2153
3229	-4152	-1541
3186	-3295	-1005
3119	-2634	-647
2983	-2234	-456
2890	-1990	-391
2982	-1636	-426
3295	-824	-406
3862	786	-209
3862	3128	184
5910	5849	870
7231	8658	1512
8901	11448	1618
8726	13617	1191
9665	14231	415
9845	13477	-426
9443	13477	-717
8680	12197	-238
7416	12440	452
5797	12512	908
4156	12570	1001
2663	11685	779
1409	10106	779
410	8523	11
-465	7301	137
-1395	6409	25
-2533	5714	119
-3899	5113	349
-5241	4464	707
-6222	3776	1150
-6757	3214	1558
-7042	2857	1779
-7272	2644	1694
-7429	2469	1331
-7409	2264	810
-7151	2084	320
-6679	2051	95
-6045	2304	95
-5345	2990	71
-4702	4153	-153
-4056	5695	-539
-3269	7693	-983
-2279	10270	-1481
-1085	13203	-1987
318	16023	-2417
1909	18118	-2883
3713	19270	-3444
5823	19786	-3756
7654	19880	-3817
8253	19117	-4018
7910	17094	-4387
7594	14319	-4782
7450	11595	-5099
7150	9142	-5161
6688	6709	-5087
6250	4332	-4967
6024	2186	-4729
6061	282	-4531
6086	-1441	-4441
5812	-3021	-4332
5287	-4419	-4110
4850	-5579	-3804
4677	-6404	-3437
4637	-6627	-3038
4638	-6178	-2623
4690	-5415	-2116
4774	-4664	-1540
4865	-4078	-1007
5043	-3541	-565
5206	-2671	-241
5124	-1366	83
4930	142	507
4855	1656	887
4926	2967	1061
5043	3835	1098
5183	4486	1062
5486	5501	851
6049	6770	497
6706	7922	26
7103	8929	-477
7063	9762	-780
6758	10372	-922
6456	10604	-1094
6189	10497	-1373
5861	10303	-1554
5508	10164	-1435
5265	10222	-1299
5057	10239	-1345
4729	9828	-1425
4239	9113	-1465
3608	8280	-1459
2934	7394	-1442
2263	6611	-1418
2263	6063	-1260
1239	5804	-945
571	5778	-576
646	5766	-240
318	5593	22
34	5328	259
-263	5067	545
-566	5067	863
-871	4555	1181
-1205	4340	1500
-1593	4308	1781
-2083	3913	1781
-2704	3427	2320
-3403	2944	2320
-4110	2540	2320
-4764	2231	2184
-5292	2013	1979
-5659	1869	1879
-5873	1846	1401
-5919	1994	881
-5792	2248	314
-5491	2565	-370
-5054	3094	-1161
-4576	4114	-1990
-4079	5746	-2899
-3465	7777	-3879
-2538	10198	-4819
-1122	13056	-5696
762	15994	-6531
3051	18579	-7269
5680	20146	-7911
7990	20309	-8343
8756	19374	-8407
8096	17817	-8289
7519	15987	-8221
7526	13970	-8234
7568	11848	-8208
7363	9836	-8051
6993	8116	-7741
6590	6731	-7300
6231	5543	-6870
5960	4388	-6499
5773	3203	-6079
5666	1963	-5520
5643	674	-4709
5558	-480	-3637
5330	-1286	-2485
5030	-1741	-1488
4704	-1992	-782
4349	-2220	-345
3975	-2434	-57
3629	-2565	241
3376	-2644	574
3242	-2755	837
3195	-2874	987
3194	-2839	1095
3192	-2548	1263
3192	-1975	1499
3280	-1192	1711
3453	-355	1835
3691	545	1890
4120	1688	1940
4859	3158	1994
5943	4837	1925
7343	6481	1682
8898	8050	1403
10171	9483	1240
10716	10491	1128
10710	11085	808
10516	11773	607
9924	12830	945
8753	13796	1404
7307	14002	1421
5939	13193	1026
4718	11748	499
3550	10225	-45
2375	8965	-549
1183	8025	-922
-126	7266	-1087
-1655	6642	-1006
-3379	6154	-620
-5186	5742	78
-6989	5369	817
-8720	4987	1261
-10179	4551	1236
-11112	4081	802
-11445	3547	262
-11248	2982	-94
-11248	2813	-228
-9712	3424	-187
-8336	4648	-60
-6796	6012	-127
-6858	7310	-595
-5327	8752	-1315
-3912	10733	-2135
-2658	10733	-2923
-1372	17133	-3321
401	19864	-3584
3096	21389	-4303
7042	21406	-5545
11962	21260	-6739
14709	14658	-7254
14010	14748	-7254
12814	11278	-6486
12626	8959	-6316
12826	7103	-5927
12645	5078	-5980
12013	2765	-5980
11024	418	-5800
9689	-1612	-5350
8187	-3170	-4523
6835	-4312	-3463
5778	-5063	-2438
4956	-5415	-1489
4324	-5426	-588
4086	-5122	40
4099	-4551	319
3892	-3778	534
3583	-2841	799
3649	-1839	996
4215	-721	1149
5109	783	1345
6484	2902	1668
8565	5219	2057
10945	7606	1847
13027	10668	1015
13379	13442	336
11736	14158	-283
9823	13144	-881
7996	12295	-781
6019	12170	-133
4107	12030	197
2368	11370	-32
740	10098	-514
-1065	8669	-928
-3263	7526	-1022
-5744	6684	-721
-8100	6053	-140
-9876	5771	606
-10824	5949	1289
-11086	6338	1603
-10904	6442	1415
-10332	6171	891
-9388	5923	438
-8142	5981	309
-6708	6429	433
-5220	7180	606
-3750	8074	616
-2320	9064	410
-921	10227	61
569	11630	-293
2265	13105	-609
4073	14360	-1058
5727	15209	-1835
7257	15432	-3028
9174	14695	-4532
11348	12928	-5836
12751	10594	-6314
13063	8357	-5968
12873	6416	-5229
12579	4483	-4475
12027	2364	-3889
10938	138	-3444
9406	-1965	-3098
7915	-3869	-2783
6763	-5490	-2345
5876	-6498	-1630
5220	-6599	-730
4789	-5821	47
4503	-4581	524
4294	-3300	682
4151	-2213	554
4187	-1192	308
4634	346	49
5506	2579	-115
6570	5215	86
6570	8423	790
9642	12111	1566
10363	15117	1816
9591	16015	1162
9670	15049	-269
8484	13557	-1310
7200	12386	-1293
5468	12386	-889
3576	10850	-692
1919	10185	-718
361	8976	-755
-1347	8976	-654
-3116	7927	-580
-4679	6937	-580
-5942	6088	-836
-6941	5318	-829
-7659	4682	-897
-7999	4425	-725
-7945	4589	-161
-7617	5097	624
-6648	5345	1139
-6072	5215	1365
-5579	5410	1426
-4211	5772	1309
-3175	6222	1257
-2276	7151	1355
-1016	8510	1552
377	10118	1596
1680	11826	1361
2947	13257	1009
4332	14083	520
5840	14251	-323
7570	13755	-1589
9346	12572	-2960
10358	10788	-3975
10294	8672	-4500
9788	6527	-4729
9422	4551	-4748
9219	2788	-4469
8866	1218	-4036
8132	-138	-3758
7099	-1402	-3720
6048	-2770	-3738
5180	-4190	-3572
4596	-5277	-3196
4271	-5725	-2651
4099	-5411	-2010
3982	-4507	-1373
3830	-3498	-828
3667	-2759	-482
3644	-2269	-347
3851	-1667	-327
4292	-712	-314
5019	904	-101
6326	3246	255
8153	6028	635
10015	8643	746
11533	10815	421
12217	13256	145
12027	14959	48
11186	14663	-178
9742	13561	-429
7910	12750	-569
5981	11992	-793
4156	10866	-1080
2515	9469	-1342
1119	8268	-1542
-40	7520	-1672
-1167	7077	-1608
-2441	6713	-1201
-3741	6318	-600
-4831	5877	-2
-5616	5474	590
-6141	5197	1128
-6566	5031	1417
-6995	4850	1356
-6995	4542	1041
-7507	4153	722
-6935	3844	646
-6648	3850	814
-6488	4332	1044
-5619	5027	1078
-4649	5027	723
-3672	6563	53
-2882	7895	-712
-2018	7915	-1312
-823	9701	-1589
491	11709	-1623
1673	13611	-1623
2772	15294	-1647
4212	16549	-2159
6137	17058	-2158
7940	16732	-2944
8910	15547	-3824
9170	13588	-4541
9368	11239	-4798
9617	8971	-4692
9672	6960	-4659
9511	4962	-4851
9234	2765	-5050
8807	491	-5119
8132	-1527	-5194
7272	-3054	-5235
6405	-4208	-4989
5667	-5125	-4405
5149	-5705	-3624
4865	-5712	-2853
4792	-5057	-2286
4855	-4039	-1971
4873	-3054	-1804
4844	-2211	-1616
5007	-1364	-1314
5572	-118	-871
6516	1957	-371
7738	4840	138
9228	8044	461
10411	11431	646
11026	14318	514
10943	15413	-89
9551	15658	-299
8355	15747	87
7270	15262	673
5011	14508	1299
2674	13484	1677
862	12121	1574
-653	10498	1086
-2202	8912	533
-3891	7604	271
-5496	6632	423
-6681	5955	767
-7396	5595	1114
-7845	5493	1401
-8288	5419	1545
-8850	5239	1439
-9331	4973	1031
-9408	4730	513
-8944	4686	176
-8048	5084	110
-6961	5942	208
-5717	6910	190
-4535	7757	-115
-3538	8739	-624
-2341	10158	-1176
-866	12098	-1612
726	14356	-1845
2465	16372	-1855
2465	17775	-1857
6817	18358	-2234
9727	17776	-3123
11465	15997	-4257
11439	13395	-5132
11284	10486	-5407
10352	7743	-5218
9827	7743	-4958
9624	3135	-4765
9443	934	-4436
9272	980	-4029
8941	-1534	-3862
8144	-3701	-3858
6981	-5083	-3599
5918	-5083	-2831
5215	-7342	-2162
4822	-8017	-2091
4691	-7614	-1406
4770	-6351	-954
4858	-4880	-648
4828	-3635	-377
4817	-2670	-109
4939	-1768	152
5290	-385	372
6033	1822	519
7174	4481	780
8562	7336	969
10001	10407	770
11313	13138	275
11913	14812	-311
11615	15148	-855
11016	14650	-1045
10081	14304	-666
8610	14256	-184
6962	13822	-44
5465	12710	-150
4179	11363	-273
3125	10242	-365
2241	9423	-489
1355	8748	-625
422	8053	-718
-502	7278	-729
-1337	6403	-575
-2050	5459	-230
-2687	4548	288
-3273	3692	932
-3815	2909	1569
-4292	2282	2133
-4663	1777	2569
-4981	1309	2709
-5308	841	2566
-5563	369	2307
-5627	-119	2047
-5445	-575	1873
-5062	-882	1787
-4594	-1018	1742
-4153	-972	1672
-3783	-737	1517
-3477	-386	1286
-3194	53	953
-2910	544	506
-2627	1115	-58
-2354	1907	-784
-2145	3059	-1673
-1989	4691	-2593
-1707	6696	-3350
-1118	8867	-4000
-284	10929	-4747
807	12542	-5749
2366	13502	-6914
4382	13753	-7751
6300	13657	-7845
7197	13730	-7275
6676	13641	-6444
5507	12806	-5741
4698	11406	-5324
4324	9876	-5045
3918	8446	-4722
3918	7214	-4384
2382	6215	-4113
2007	5420	-3903
1826	4791	-3730
1274	4311	-3531
610	3950	-3297
610	3950	-3078
372	3438	-2913
166	3532	-2856
24	3391	-2922
-36	3231	-3110
-37	3030	-3349
-19	2766	-3349
-1	2467	-3605
18	2242	-3677
93	2269	-3662
286	2533	-3662
584	2777	-3556
943	2816	-3462
1289	2600	-3540
1574	2265	-3811
1806	1998	-4115
2059	1876	-4309
2409	1848	-4292
2763	1787	-4069
2993	1660	-3702
3087	1472	-3187
3109	1300	-2586
3132	1255	-1962
3239	1313	-1325
3446	1403	-711
3699	1583	-184
3983	1892	126
4271	2184	177
4537	2338	8
4778	2272	-279
4987	2121	-395
5235	2373	-220
5574	3215	219
5942	4349	850
6268	5439	1398
6463	6189	1675
6475	6476	1697
6371	6555	1548
6218	6692	1329
5992	6864	1123
5701	6886	981
5463	6676	942
5445	6464	1006
5704	6523	1124
6172	6883	1217
6708	7417	1217
7160	7984	1018
7526	8477	756
7885	8699	632
7491	8951	919
7049	9419	1212
6902	9645	1101
5859	9669	1157
4342	9609	1365
2965	9322	1428
1739	8776	1390
471	8029	1400
-933	7201	1496
-2476	6355	1679
-4039	5551	1976
-5378	4907	2268
-6294	4492	2452
-6872	4244	2443
-7317	4005	2242
-7659	3686	1873
-7797	3337	1361
-7719	2972	772
-7519	2604	165
-7286	2373	-373
-6998	2381	-771
-6592	2688	-1023
-6020	3354	-1191
-5263	4463	-1351
-4399	6223	-1568
-4399	8721	-1856
-2351	11838	-2277
-1044	15375	-2823
760	18908	-3291
542	18908	-3889
2676	23376	-4817
5574	23391	-5586
8763	23391	-6006
10575	19039	-6401
10303	16165	-6737
9255	13936	-6863
8542	13857	-6932
8253	11629	-7008
8144	9443	-7008
8278	7424	-6752
8800	5624	-6709
9371	3847	-6819
9449	1847	-7113
8924	-383	-7180
8131	-2438	-6803
7427	-3918	-5864
6872	-4843	-4392
6353	-5304	-2632
5990	-5356	-1058
5844	-5191	225
5794	-4910	1212
5768	-4473	1665
5736	-3827	1585
5780	-3127	1171
5968	-2599	754
6306	-2164	643
6762	-1588	734
7458	-18	1069
8655	2347	1370
10767	5801	2071
12734	11289	2165
13278	14760	1132
12591	14806	322
11290	13972	-540
10043	13182	-1377
8679	12978	-1332
6726	13328	-468
4585	13653	166
2898	13035	296
1595	11718	51
328	10393	-441
-1217	9282	-858
-3247	8180	-717
-5546	6951	-211
-7469	5885	86
-8637	5208	111
-9215	4732	70
-9435	4268	157
-9371	3837	406
-9037	3537	706
-8460	3523	918
-7640	3942	1002
-6729	4640	1016
-5457	5397	891
-4296	6231	633
-3436	7221	354
-2114	8459	160
-554	10159	152
947	12482	296
2496	15178	406
4283	17590	264
6395	19190	-141
8931	19586	-777
11386	18471	-1869
12669	16175	-3329
12517	13435	-4647
11730	10899	-5430
11112	8843	-5448
10940	6957	-4965
10966	4992	-4647
10813	2890	-4648
10372	384	-4821
9493	-2367	-5116
8094	-4672	-5270
8094	-6145	-5103
5278	-7253	-4383
4534	-8227	-3209
4512	-8436	-2130
4082	-7556	-1425
4055	-6133	-1100
4263	-6133	-1056
4353	-3829	-1094
4238	-2404	-955
4198	-2389	-472
4634	-473	402
5620	2251	1453
7266	6193	1965
9812	10624	1723
12542	14212	571
13149	16925	722
11877	17840	-534
10562	16338	-1466
8645	14408	-805
6006	13665	563
3536	13234	942
1406	12134	350
-1035	10492	-275
-3876	8657	-430
-6209	7098	-211
-7455	6197	173
-8129	5991	549
-8826	6094	756
-9601	5916	769
-10141	5301	728
-10086	4640	801
-9398	4443	1068
-8388	4821	1510
-7055	5519	1953
-5398	6261	2165
-3837	6877	2148
-2467	7682	2036
-982	9073	1862
679	10983	1575
2251	12848	1161
3578	13992	657
4747	14368	20
6221	14089	-954
8167	13082	-2281
9674	11397	-3579
9972	9229	-4597
9641	6997	-5342
9536	4851	-5590
9700	2582	-5109
9665	619	-4329
9075	-552	-3912
8022	-1405	-3870
6830	-2555	-3848
5769	-4001	-3650
5047	-5182	-3261
4747	-5568	-2636
4770	-5106	-1785
4961	-4012	-931
5196	-2712	-293
5414	-1646	121
5696	-727	326
6353	805	398
7789	3505	589
10090	6814	660
12451	10328	269
13639	13273	-263
12979	14817	-820
11268	15726	-1520
10228	15722	-1664
8748	14962	-833
5889	14250	107
3323	13052	335
1604	11267	-39
182	9321	-522
-1417	7632	-899
-3316	6354	-949
-5375	5413	-449
-7124	4751	362
-8187	4609	1175
-8187	5007	1856
-8955	5485	2255
-9150	5791	2219
-9149	5939	1700
-9148	5939	882
-8685	5565	138
-7952	4961	-225
-7149	4566	-227
-6306	4822	-79
-5406	5850	70
-4514	5675	107
-3619	6839	-66
-2659	8221	-557
-1611	9806	-557
-467	11597	-2093
749	13453	-2355
2005	15128	-2658
3317	16464	-2616
4898	17306	-3218
7009	17446	-3858
9072	16658	-4266
10082	14906	-4690
10184	12547	-5046
10196	10108	-5133
10427	7770	-5124
10661	5370	-5291
10614	2880	-5691
10220	331	-6057
9475	-2183	-5984
8358	-4176	-5378
7132	-5340	-4445
6171	-6015	-3317
5590	-6379	-2215
5385	-6264	-1382
5469	-5592	-900
5740	-4495	-764
6008	-3275	-884
6115	-2096	-1060
6242	-756	-1082
6724	1047	-877
7587	3370	-384
8815	6358	391
10211	10034	1079
10966	13290	1096
10501	15168	379
9522	15872	-668
8781	15382	-1475
7687	14223	-1253
6035	13433	-256
4461	12926	488
3179	12176	763
1934	11018	861
600	9634	842
-683	8304	568
-1922	7146	108
-3322	6104	-131
-4792	5154	40
-5904	4473	406
-6372	4192	775
-6386	4188	1084
-6421	4212	1333
-6670	4251	1524
-6900	4500	1676
-6816	4824	1802
-6419	4969	1852
-5879	4995	1791
-5303	5144	1622
-4748	5488	1427
-4236	5941	1277
-3754	6526	1149
-3234	7308	1008
-2591	8489	837
-1788	10285	645
-876	12679	448
120	15368	270
1269	17681	115
2705	18901	-203
4486	19006	-908
6348	18571	-1758
6348	17723	-2716
8396	16140	-3966
8408	13786	-5184
8438	11102	-5869
8263	8442	-5902
8162	5958	-5652
8261	5958	-5289
8591	1606	-4950
9041	-697	-4990
9143	-578	-4990
8604	-2827	-5460
7740	-5089	-5174
6947	-7052	-5174
6350	-8432	-3382
5893	-8970	-2426
5553	-8397	-2422
5391	-6997	-1661
5308	-5555	-1233
5321	-4431	-1005
5509	-3289	-837
5700	-1863	-526
5929	-45	57
6363	2297	612
7044	5044	995
8010	7862	1329
9171	10469	1426
10236	12661	1007
10751	14063	298
10417	14685	-238
9624	14886	-253
8733	14894	246
7974	14887	753
7190	14577	826
6091	13712	495
4987	12508	50
4061	11271	-301
3239	10206	-491
2413	9343	-579
1539	8590	-659
666	7789	-750
-137	6858	-798
-868	5783	-693
-1552	4664	-394
-2229	3629	59
-2920	2778	604
-3596	2182	1123
-4234	1760	1511
-4862	1366	1695
-5464	901	1698
-5975	402	1623
-6345	-18	1543
-6525	-294	1512
-6557	-406	1546
-6475	-359	1594
-6298	-163	1602
-6058	137	1549
-5737	447	1386
-5330	766	1067
-4810	1167	571
-4221	1710	-106
-3699	2466	-850
-3282	3583	-1524
-2896	5279	-2180
-2426	7760	-2852
-1660	10813	-3510
-497	13996	-4369
998	17247	-5577
2971	20155	-7062
5345	21386	-8268
7282	20274	-8749
7848	18042	-8613
7147	16152	-7912
6300	14816	-6904
6154	13584	-6045
6539	12079	-5523
6895	10256	-5186
6895	8397	-4931
7407	7141	-4743
6261	5983	-4451
6330	5983	-4115
5052	2381	-3889
4819	1264	-3490
5096	1264	-2748
4848	-272	-1898
4349	-1078	-1223
4140	-1101	-799
4063	-1831	-556
3848	-2434	-404
3498	-3160	-273
3172	-3240	-17
2921	-3425	126
2741	-3444	48
2654	-3311	259
2606	-3045	433
2519	-2733	530
2405	-2446	569
2323	-2149	561
2297	-1783	505
2338	-1339	428
2431	-737	393
2614	161	449
2901	1283	625
3246	2460	852
3654	3756	978
4315	5338	873
5469	7191	297
7104	9026	-781
8878	10374	-1976
10119	10871	-2950
10523	10659	-3443
10530	10616	-3266
10420	11518	-2358
9862	12898	-1036
8537	13598	3
6716	13186	339
5015	12037	153
3720	10483	-127
2690	8750	-313
1681	7182	-385
552	6140	-337
-787	5736	36
-2436	5770	949
-4289	6004	2082
-6015	6193	2892
-7506	6156	3088
-8816	5840	2683
-9848	5249	1940
-10448	4558	1251
-10516	4094	890
-10126	4139	778
-9435	4743	601
-8612	5597	76
-7801	6327	-835
-6994	6961	-1945
-6088	7812	-2960
-5035	9107	-3706
-3881	10929	-4262
-2716	13413	-4691
-1451	16507	-4893
117	19856	-4932
2347	22856	-5069
5916	24127	-5762
10916	22747	-7544
14070	19129	-9293
13041	14826	-9542
10441	11458	-8524
9147	9249	-7066
9578	7574	-5878
10434	5912	-5379
10711	4098	-5426
10303	2043	-5625
9386	-305	-5736
8145	-2720	-5437
8145	-4782	-4543
5841	-6326	-3302
5065	-7168	-2193
5061	-7167	-1422
4573	-6681	-758
4235	-5947	-372
4236	-4923	-329
4563	-4282	-127
4558	-3128	355
4426	-3182	902
4694	-1964	1287
5274	-428	1453
6100	1524	1453
7517	4151	1137
9834	7362	345
12760	10867	-227
14897	14628	-227
14600	17295	-503
12871	17799	-680
11105	16973	-496
8575	15718	239
5341	14287	749
2602	12434	518
696	10296	-135
-1082	8363	-735
-3253	7111	-846
-5524	6501	-376
-7248	6092	563
-8329	5961	1658
-9078	6308	2495
-9651	6825	2737
-10001	6927	2301
-9942	6380	1489
-9410	5584	784
-8538	5223	508
-7496	5761	692
-6372	6929	1123
-5138	8186	1391
-3815	9342	1213
-2454	10630	620
-1031	12402	-82
603	14537	-487
2434	16366	-639
4030	17251	-1087
5376	16864	-2203
7135	15166	-3636
9201	12531	-4723
10327	9811	-5115
10196	7671	-5048
9769	6135	-4993
9721	4969	-5015
10041	3706	-5034
10199	2043	-5000
9757	248	-4960
8832	-1333	-5010
7771	-2689	-5075
6791	-3927	-4842
5991	-4856	-4175
5410	-5040	-3313
5066	-4383	-2502
4905	-3320	-1844
4809	-2391	-1376
4744	-1749	-1076
4793	-1173	-825
4974	-534	-567
5229	96	-324
5471	954	-161
5896	2866	-34
7001	5740	232
8726	8346	542
10366	10603	407
11258	12844	-26
10876	13930	-281
9983	13725	-682
9983	13024	-936
8703	12312	-621
7009	12005	-94
7138	11828	280
5777	11408	452
4375	10572	519
2854	10572	256
1321	8524	-357
-208	7751	-915
-1900	6943	-1031
-3757	7139	-712
-5397	6973	-282
-6474	7349	16
-7087	8010	16
-7512	8413	-496
-7842	8287	-526
-8018	7854	-721
-7859	7399	-972
-7206	7107	-867
-6152	7121	-545
-4895	7397	38
-3557	7806	4
-2194	8393	93
-838	9333	10
613	10802	-217
2304	12789	-443
4064	14992	-585
5573	16699	-631
6894	17498	-910
8111	17388	-1415
8978	16378	-1718
9292	14824	-2010
9212	13052	-2513
9023	11106	-3313
8876	9015	-4156
9012	6707	-4609
9563	4082	-4764
10096	1488	-4983
10187	-501	-5267
9843	-1790	-5138
9002	-2722	-4497
7799	-3564	-3902
6647	-4590	-3707
5674	-5897	-3726
4843	-6995	-3736
4309	-7246	-3618
4292	-6564	-3281
4715	-5454	-2906
5139	-4521	-2491
5680	-3423	-2235
6311	-1694	-1967
6655	666	-1123
7123	3860	-290
7903	7716	164
8969	11833	316
10137	15106	211
10387	16682	-191
9612	16978	-874
8943	17118	-1063
8157	17490	-182
6358	17221	1091
4059	15907	1886
2103	13927	2123
641	11777	1995
-453	9676	1653
-1281	7784	1208
-1987	6237	858
-2714	5090	730
-3526	4290	824
-4486	3692	1048
-5518	3147	1276
-6453	2617	1379
-7209	2208	1320
-7721	1963	1199
-7955	1846	973
-7902	1880	564
-7548	2085	128
-6988	2370	-157
-6988	2672	-245
-5452	3160	-162
-4862	4095	-40
-3755	5496	-39
-3781	7163	-141
-2963	9124	-340
-2130	9124	-603
-943	14371	-797
473	16675	-922
2019	17693	-1169
3558	17822	-1519
5037	18022	-1729
6485	17915	-1705
7645	17801	-1705
8240	17404	-1870
8500	16353	-2326
8863	14719	-2423
9349	12796	-4079
9521	10632	-4079
9262	8190	-4729
8944	5592	-5186
8829	2957	-5115
8856	467	-4585
8721	-1702	-4107
8211	-3366	-3928
7490	-4596	-3875
6799	-5733	-3684
6132	-6845	-3315
5518	-7712	-2862
5060	-8066	-2448
4727	-7650	-2166
4574	-6500	-2021
4623	-5103	-1920
4741	-3878	-1822
4884	-2890	-1793
5171	-1926	-1833
5741	-401	-1827
6808	2265	-1613
8557	5857	-1121
10962	9864	-634
13380	13779	-443
13356	16453	-289
11492	16673	-824
10141	15193	-1974
8690	14014	-1939
6861	13784	-915
5082	13762	-218
3587	13273	-22
2291	12476	9
1021	11577	24
-337	10595	-4
-1890	9602	-77
-3659	8551	-76
-5450	7385	41
-6887	6272	204
-7728	5481	396
-8076	5094	587
-8185	4944	770
-8181	4776	914
-8044	4456	976
-7710	4040	997
-7131	3714	1027
-6305	3586	1067
-5343	3618	1097
-4350	3890	1099
-3345	4504	1098
-2314	5531	1100
-1278	7042	1127
-324	8918	1255
495	11095	1434
1204	13369	1426
1954	15210	1121
3105	16224	556
4877	16128	-396
6798	14972	-1589
7956	13236	-2567
7972	11270	-3159
7429	9240	-3402
7134	7292	-3462
7134	5501	-3590
7646	3788	-3806
7860	1927	-3977
7720	-200	-4090
7536	-2327	-4217
7024	-4143	-4268
6321	-4143	-4007
5627	-6703	-3387
5020	-7159	-2624
5020	-7159	-1896
4339	-6961	-1329
4324	-6226	-995
4417	-5273	-995
4559	-4347	-995
4754	-3512	-1251
5033	-2684	-1075
5486	-1481	-997
6341	731	-639
7887	4206	348
10285	8026	348
12991	11578	82
14274	14437	-398
13317	15457	-984
11692	14638	-1852
10510	13283	-2243
9021	12493	-1738
6788	12448	-856
4931	12032	-432
3610	10772	-569
2148	9360	-764
799	8214	-849
-260	7536	-885
-1085	7170	-900
-1857	6812	-819
-2720	6238	-457
-3605	5612	248
-4322	5236	1036
-4842	5151	1608
-5333	5108	1844
-5942	4930	1669
-6661	4698	1180
-7319	4429	666
-7624	3998	351
-7422	3524	356
-6849	3368	652
-6065	3739	980
-5241	4538	982
-4513	5567	479
-3819	6655	-413
-3060	7949	-1405
-2184	9794	-2270
-1236	12198	-2948
-348	14788	-3502
452	17023	-4218
1518	18692	-5117
3210	19839	-5550
5121	20543	-5257
6467	20702	-4684
7226	20105	-4023
7952	18946	-3529
8567	17427	-3551
8714	15276	-3859
8456	12441	-4276
7921	9425	-4623
7237	6681	-4588
6583	4404	-4199
6072	2531	-3583
5727	877	-2896
5467	-596	-2309
5194	-1857	-1948
4837	-2968	-1811
4368	-3863	-1827
3904	-4459	-1887
3660	-4790	-1867
3689	-4825	-1662
3839	-4533	-1262
3941	-3938	-806
3895	-3205	-423
3895	-2530	-230
3383	-1994	-261
3209	-1616	-462
3234	-1394	-735
2999	-1259	-1025
2787	-1111	-1311
2647	-1111	-1492
2581	-599	-1521
2629	-33	-1413
2830	-104	-1413
3129	481	-957
3462	1367	-733
3813	2707	-733
4171	4443	-221
4530	6247	71
4909	7491	357
5388	8037	325
6050	8693	443
6808	9933	560
7425	10944	657
7709	10930	608
7545	10345	409
6950	9997	144
6143	9996	-89
5312	9925	-241
4541	9574	-263
3810	9140	-157
3109	8868	-13
2571	8581	166
2175	8116	357
1847	7570	514
1630	6982	636
1457	6420	628
1263	5892	490
1045	5364	327
814	4846	183
589	4378	36
377	3989	-123
186	3641	-249
11	3334	-320
-165	3090	-356
-335	2914	-359
-499	2809	-307
-667	2778	-223
-807	2796	-129
-894	2841	-15
-942	2924	149
-969	3021	312
-988	3076	405
-1010	3091	426
-1036	3167	353
-1028	3365	229
-952	3568	138
-820	3692	90
-675	3812	65
-528	4008	69
-354	4294	86
-175	4585	88
13	4822	71
229	5030	55
487	5263	57
784	5534	114
1121	5768	215
1457	5834	297
1694	5676	339
1779	5384	338
1742	5089	328
1682	4818	329
1657	4565	321
1690	4349	310
1747	4188	310
1769	4065	339
1738	3943	394
1670	3837	446
1573	3817	463
1427	3888	439
1240	3944	364
984	3972	266
746	4070	199
739	4173	164
536	4123	122
402	3951	51
282	3775	-61
154	3775	-159
19	3688	-218
-122	3742	-281
-244	3850	-354
-332	3913	-443
-397	3933	-443
-466	3968	-699
-545	4080	-952
-588	4230	-1128
-576	4303	-1081
-544	4204	-1225
-525	3973	-1249
-516	3741	-1181
-506	3602	-1062
-501	3562	-953
-515	3581	-882
-549	3643	-853
-570	3700	-812
-569	3669	-741
-577	3588	-701
-621	3567	-698
-702	3635	-735
-775	3738	-806
-801	3806	-872
-786	3778	-903
-749	3710	-900
-731	3728	-881
-744	3749	-866
-701	3703	-876
-601	3693	-891
-526	3790	-883
-486	3995	-857
-468	4232	-806
-404	4407	-766
-317	4602	-833
-278	4657	-927
-252	4419	-950
-262	4171	-944
-344	4064	-919
-422	4051	-882
-427	4103	-840
-406	4174	-792
-408	4195	-745
-413	4156	-726
-393	4081	-749
-363	4018	-798
-344	3997	-839
-338	4013	-874
-336	4082	-949
-337	4147	-1071
-335	4151	-1180
-349	4134	-1222
-384	4144	-1186
-411	4157	-1094
-408	4126	-1001
-377	4056	-941
-321	3991	-908
-244	3961	-880
-168	3949	-843
-95	3939	-781
-10	3933	-666
95	3896	-467
248	3809	-229
447	3797	-50
637	3927	79
796	4120	221
954	4358	382
1134	4549	571
1320	4565	756
1453	4476	842
1508	4414	815
1519	4451	747
1533	4586	676
1563	4680	624
1590	4602	632
1590	4398	703
1590	4199	822
1600	4102	996
1594	4171	1177
1581	4380	1294
1575	4564	1393
1598	4564	1589
1647	4820	1711
1599	4655	1556
1502	4457	1389
1506	4355	1323
1539	3836	1246
1533	3653	1210
1464	3881	1210
1345	4262	1197
1220	4540	1176
1107	4667	1148
1011	4736	1125
906	4836	1113
788	4893	1046
652	4730	849
489	4374	549
360	4002	223
308	3730	-67
348	3655	-287
460	3711	-426
575	3755	-572
691	3704	-672
792	3605	-591
863	3601	-420
934	3657	-159
1060	3611	236
1248	3388	655
1432	3031	980
1635	2625	1329
1894	2116	1751
2168	1696	2006
2464	1653	2030
2852	1765	1976
3316	1890	1816
3784	2242	1446
4173	2741	993
4305	3162	600
4126	3488	216
3703	3640	-134
3190	3620	-357
2790	3628	-417
2509	3700	-313
2328	3775	-163
2233	3860	-56
2180	3955	59
2161	4102	219
2144	4245	402
2106	4253	543
2060	4116	592
2033	3875	585
2028	3589	559
2037	3345	529
2057	3191	487
2095	3129	408
2161	3150	314
2235	3228	237
2298	3327	182
2344	3443	139
2358	3539	111
2343	3565	101
2322	3564	110
2298	3577	137
2270	3601	161
2255	3637	187
2247	3684	225
2242	3739	255
2236	3783	264
2195	3762	251
2148	3692	216
2138	3623	176
2164	3565	155
2198	3512	157
2229	3489	172
2229	3525	191
2256	3575	192
2252	3579	170
2201	3557	141
2160	3537	122
2172	3518	116
2210	3518	119
2249	3518	133
2285	3493	148
2310	3493	151
2311	3494	146
2289	3507	139
2247	3521	139
2204	3528	139
2181	3527	156
2166	3522	175
2155	3521	184
2155	3537	177
2162	3544	162
2165	3518	145
2172	3482	123
2198	3454	108
2217	3442	105
2218	3449	108
2211	3462	114
2198	3481	123
2184	3506	132
2172	3523	133
2165	3526	131
2172	3528	132
2190	3539	133
2203	3537	134
2207	3524	132
2210	3512	129
2213	3501	124
2206	3493	115
2192	3485	100
2183	3480	90
2182	3479	87
2196	3487	89
2221	3496	87
2229	3500	80
2219	3504	81
2208	3517	92
2222	3545	108
2248	3567	116
