-1635	3695	-1223
-1659	3680	-1253
-1688	3661	-1287
-1720	3639	-1308
-1749	3633	-1302
-1769	3637	-1289
-1782	3642	-1279
-1792	3651	-1274
-1797	3653	-1266
-1790	3644	-1256
-1777	3633	-1239
-1771	3625	-1226
-1771	3619	-1228
-1771	3611	-1226
-1764	3605	-1213
-1751	3594	-1203
-1736	3575	-1206
-1732	3575	-1222
-1739	3577	-1250
-1736	3569	-1268
-1729	3567	-1271
-1713	3578	-1256
-1702	3594	-1231
-1712	3613	-1219
-1728	3640	-1220
-1735	3668	-1211
-1734	3694	-1191
-1716	3691	-1180
-1687	3661	-1175
-1681	3646	-1171
-1690	3643	-1157
-1693	3644	-1137
-1693	3643	-1125
-1693	3638	-1127
-1702	3635	-1145
-1699	3635	-1169
-1700	3634	-1195
-1715	3636	-1222
-1736	3636	-1243
-1751	3625	-1257
-1743	3625	-1259
-1720	3620	-1259
-1703	3615	-1226
-1704	3617	-1216
-1706	3619	-1216
-1702	3614	-1218
-1695	3628	-1214
-1687	3649	-1196
-1679	3647	-1178
-1669	3641	-1160
-1671	3652	-1128
-1674	3644	-1100
-1676	3614	-1095
-1698	3616	-1098
-1727	3644	-1092
-1733	3636	-1083
-1725	3619	-1108
-1725	3640	-1159
-1721	3664	-1187
-1713	3680	-1183
-1701	3687	-1163
-1680	3668	-1151
-1658	3632	-1143
-1639	3591	-1125
-1631	3569	-1111
-1633	3567	-1109
-1639	3575	-1117
-1652	3624	-1140
-1662	3698	-1167
-1674	3744	-1195
-1687	3760	-1209
-1696	3764	-1202
-1704	3743	-1192
-1709	3712	-1202
-1705	3689	-1231
-1694	3675	-1247
-1677	3669	-1245
-1656	3667	-1233
-1643	3670	-1219
-1650	3668	-1205
-1666	3652	-1195
-1677	3643	-1181
-1682	3642	-1151
-1676	3642	-1120
-1673	3653	-1106
-1674	3676	-1102
-1668	3697	-1107
-1656	3700	-1113
-1639	3692	-1112
-1623	3682	-1118
-1611	3665	-1130
-1611	3650	-1156
-1619	3659	-1193
-1619	3680	-1214
-1613	3687	-1205
-1602	3680	-1179
-1594	3672	-1150
-1596	3671	-1123
-1613	3684	-1097
-1639	3696	-1086
-1670	3703	-1092
-1692	3703	-1107
-1690	3683	-1126
-1680	3668	-1140
-1661	3660	-1145
-1661	3633	-1141
-1633	3612	-1135
-1613	3625	-1131
-1603	3645	-1128
-1600	3654	-1129
-1603	3669	-1130
-1604	3669	-1130
-1603	3690	-1127
-1607	3715	-1132
-1606	3730	-1149
-1597	3720	-1152
-1592	3702	-1143
-1591	3681	-1143
-1588	3659	-1140
-1591	3648	-1151
-1594	3649	-1151
-1599	3655	-1159
-1604	3660	-1154
-1604	3653	-1157
-1607	3648	-1163
-1609	3663	-1158
-1597	3674	-1153
-1583	3669	-1144
-1574	3673	-1122
-1569	3690	-1105
-1569	3703	-1104
-1575	3702	-1111
-1584	3692	-1111
-1593	3678	-1111
-1601	3666	-1114
-1607	3671	-1118
-1608	3698	-1127
-1604	3726	-1143
-1597	3734	-1143
-1593	3729	-1125
-1590	3718	-1108
-1584	3692	-1099
-1582	3660	-1108
-1588	3648	-1128
-1598	3670	-1131
-1607	3703	-1119
-1610	3722	-1122
-1603	3721	-1136
-1591	3730	-1133
-1582	3754	-1133
-1567	3738	-1146
-1557	3715	-1149
-1554	3714	-1141
-1553	3710	-1127
-1552	3714	-1116
-1552	3722	-1093
-1552	3715	-1054
-1550	3704	-1023
-1550	3689	-1005
-1551	3680	-987
-1549	3691	-970
-1544	3682	-972
-1540	3667	-983
-1540	3658	-991
-1538	3652	-994
-1532	3640	-988
-1523	3626	-977
-1515	3629	-978
-1507	3640	-1005
-1489	3650	-1028
-1467	3653	-1039
-1453	3650	-1054
-1445	3661	-1071
-1441	3699	-1080
-1426	3739	-1070
-1396	3759	-1060
-1368	3766	-1055
-1368	3777	-1058
-1368	3805	-1054
-1317	3831	-1025
-1295	3833	-995
-1270	3817	-984
-1236	3796	-980
-1202	3796	-977
-1172	3788	-992
-1142	3789	-1026
-1126	3781	-1080
-1112	3759	-1140
-1093	3747	-1192
-1081	3747	-1234
-1074	3742	-1234
-1060	3772	-1526
-1059	3775	-1296
-1061	3732	-1319
-1049	3761	-1331
-1055	3792	-1332
-1051	3791	-1335
-1034	3801	-1343
-1040	3788	-1362
-1046	3796	-1378
-1057	3839	-1387
-1061	3863	-1396
-1055	3858	-1399
-1070	3858	-1384
-1081	3884	-1363
-1090	3897	-1354
-1094	3888	-1347
-1086	3887	-1331
-1088	3890	-1299
-1084	3891	-1261
-1072	3899	-1223
-1061	3912	-1177
-1048	3923	-1121
-1032	3930	-1057
-1018	3938	-1000
-1011	3957	-966
-1006	3997	-954
-1001	4047	-946
-995	4095	-937
-989	4139	-930
-982	4173	-919
-974	4180	-907
-965	4151	-901
-951	4091	-897
-931	4031	-887
-900	3992	-871
-858	3964	-836
-789	3954	-779
-692	3972	-688
-619	4015	-548
-579	4136	-436
-556	4324	-476
-548	4314	-478
-555	4260	-414
-566	4344	-407
-582	4389	-400
-609	4384	-408
-613	4337	-408
-607	4276	-397
-593	4227	-385
-558	4185	-376
-526	4123	-371
-504	4061	-369
-487	4035	-366
-477	4049	-366
-470	4101	-369
-469	4166	-374
-470	4202	-379
-468	4204	-382
-467	4185	-387
-464	4145	-390
-460	4104	-389
-460	4084	-382
-460	4078	-374
-447	4063	-368
-440	4053	-360
-430	4068	-353
-415	4086	-355
-401	4089	-361
-400	4089	-367
-403	4089	-371
-403	4071	-373
-401	4088	-372
-394	4101	-371
-385	4079	-371
-388	4040	-371
-401	4018	-371
-410	4011	-378
-417	4015	-380
-421	4030	-383
-422	4064	-386
-425	4089	-391
-422	4080	-399
-416	4052	-401
-412	4031	-399
-414	4029	-393
-414	4040	-381
-408	4060	-374
-408	4079	-378
-421	4086	-389
-435	4101	-405
-446	4122	-416
-453	4133	-415
-453	4129	-409
-454	4119	-405
-458	4131	-401
-462	4167	-396
-465	4200	-392
-467	4224	-385
-466	4242	-378
-462	4247	-373
-458	4239	-369
-456	4216	-361
-455	4190	-349
-455	4168	-338
-454	4153	-328
-449	4141	-326
-445	4127	-332
-441	4111	-341
-434	4093	-346
-427	4065	-350
-425	4042	-353
-426	4033	-355
-422	4028	-358
-414	4018	-360
-401	4007	-363
-393	3998	-371
-394	3995	-379
-399	3992	-387
-407	3984	-394
-411	3970	-397
-416	3957	-399
-419	3951	-401
-422	3954	-404
-429	3965	-407
-439	3998	-406
-447	4059	-402
-448	4120	-401
-446	4161	-406
-445	4186	-415
-443	4198	-423
-432	4199	-425
-419	4213	-420
-417	4256	-409
-419	4305	-397
-421	4354	-386
-421	4391	-374
-400	4402	-365
-358	4377	-365
-324	4320	-364
-324	4265	-366
-314	4224	-362
-311	4224	-356
-313	4110	-349
-326	4050	-332
-340	4050	-304
-355	4021	-273
-375	4020	-252
-384	4034	-241
-378	4055	-246
-355	4068	-246
-328	4053	-502
-310	4014	-280
-302	3980	-306
-314	3964	-334
-339	3956	-357
-368	3960	-373
-399	3985	-388
-424	4024	-401
-435	4057	-406
-433	4076	-402
-429	4094	-396
-427	4119	-390
-420	4148	-383
-413	4168	-374
-415	4180	-369
-426	4187	-368
-440	4176	-369
-453	4148	-372
-461	4122	-375
-465	4111	-377
-470	4100	-374
-474	4086	-369
-476	4092	-361
-477	4118	-346
-475	4145	-337
-469	4157	-336
-462	4160	-335
-454	4174	-338
-443	4191	-344
-430	4195	-347
-417	4187	-344
-411	4176	-335
-413	4158	-318
-418	4136	-299
-423	4106	-290
-429	4072	-288
-438	4041	-290
-444	4016	-297
-444	4003	-306
-442	3990	-314
-438	3968	-321
-442	3957	-329
-451	3955	-336
-461	3957	-337
-475	3962	-335
-499	3969	-334
-522	3979	-331
-532	3983	-334
-541	3985	-345
-555	3996	-353
-563	4020	-356
-580	4049	-355
-608	4077	-355
-627	4105	-355
-645	4130	-355
-665	4153	-357
-677	4180	-356
-684	4194	-353
-684	4196	-348
-684	4201	-344
-681	4197	-346
-682	4183	-346
-687	4177	-345
-692	4168	-345
-698	4168	-344
-695	4156	-344
-684	4138	-344
-678	4121	-345
-667	4120	-347
-652	4129	-347
-645	4140	-347
-631	4145	-361
-608	4147	-368
-589	4147	-371
-568	4144	-371
-549	4138	-376
-537	4133	-380
-532	4134	-381
-527	4138	-380
-520	4138	-380
-511	4130	-381
-503	4112	-385
-499	4095	-391
-499	4086	-391
-500	4073	-391
-501	4058	-392
-500	4040	-392
-498	4024	-394
-499	4018	-400
-508	4029	-402
-515	4050	-397
-507	4069	-392
-494	4081	-390
-483	4083	-391
-476	4079	-396
-475	4081	-396
-476	4090	-391
-481	4091	-385
-486	4071	-382
-488	4044	-380
-491	4028	-378
-498	4028	-376
-506	4040	-373
-512	4053	-373
-510	4054	-373
-500	4055	-373
-490	4066	-378
-484	4083	-380
-483	4101	-378
-483	4114	-375
-484	4113	-371
-489	4109	-366
-494	4107	-364
-500	4102	-365
-508	4092	-365
-518	4080	-367
-525	4064	-370
-528	4053	-372
-537	4055	-372
-548	4061	-369
-552	4062	-370
-548	4064	-373
-546	4069	-373
-544	4073	-376
-539	4074	-377
-533	4081	-375
-530	4096	-375
-531	4116	-377
-532	4126	-377
-533	4122	-378
-535	4114	-380
-535	4102	-379
-535	4087	-377
-533	4082	-374
-534	4080	-370
-534	4072	-370
-536	4072	-374
-537	4072	-374
-535	4082	-374
-529	4087	-372
-527	4093	-372
-525	4096	-374
-527	4097	-374
-528	4115	-374
-517	4136	-373
-505	4140	-371
-501	4119	-371
-500	4091	-369
-497	4077	-361
-496	4072	-350
-500	4060	-343
-505	4035	-342
-508	4007	-348
-509	3994	-351
-512	3996	-349
-511	4003	-354
-507	4010	-361
-500	4026	-366
-490	4044	-368
-482	4056	-370
-480	4065	-372
-477	4084	-373
-472	4106	-374
-466	4116	-375
-463	4109	-377
-463	4091	-380
-464	4073	-380
-463	4053	-380
-465	4030	-381
-470	4014	-382
-474	4007	-381
-474	4009	-378
-473	4011	-376
-471	4009	-376
-470	4006	-376
-469	4007	-376
-470	4016	-379
-469	4029	-382
-464	4028	-383
-462	4018	-382
-466	4018	-377
-470	4026	-376
-474	4032	-376
-475	4034	-374
-473	4034	-373
-471	4033	-373
-467	4028	-373
-465	4031	-378
-464	4062	-382
-462	4086	-382
-460	4097	-382
-461	4125	-381
-467	4155	-381
-483	4222	-385
-524	4310	-390
-592	4372	-393
-670	4389	-394
-731	4322	-380
-760	4225	-345
-777	4153	-294
-794	4091	-251
-809	4030	-230
-827	3981	-215
-827	3947	-199
-851	3937	-194
-877	3958	-180
-896	4007	-153
-905	4070	-129
-902	4113	-110
-884	4113	-98
-851	4113	-80
-808	4119	-59
-775	4124	-45
-752	4155	-24
-714	4203	3
-660	4223	3
-620	4191	3
-597	4137	50
-581	4103	63
-568	4109	78
-546	4120	97
-517	4089	119
-498	4034	143
-488	3990	143
-482	3963	216
-478	3933	240
-477	3883	257
-479	3851	249
-483	3870	265
-481	3899	331
-475	3900	408
-472	3869	473
-470	3838	510
-467	3799	534
-454	3727	551
-430	3601	544
-415	3423	519
-420	3245	502
-429	3120	515
-429	3066	558
-415	3060	659
-397	3116	764
-340	3189	837
-209	3174	949
-63	3114	1028
67	3016	1042
219	2824	1057
407	2641	1040
629	2524	999
855	2412	973
1077	2283	954
1310	2140	937
1561	2014	942
1835	1934	970
2158	1903	994
2545	1892	1006
2946	1873	999
3351	1829	951
3749	1751	857
4136	1677	746
4518	1627	653
4874	1611	580
5219	1629	493
5561	1652	372
5851	1635	249
6053	1603	158
6199	1629	107
6322	1709	61
6417	1793	-49
6464	1831	-199
6456	1827	-339
6428	1826	-499
6402	1845	-642
6372	1885	-720
6332	1960	-738
6285	2044	-709
6285	2088	-647
6240	2072	-576
6189	2012	-538
6096	1947	-541
5959	1887	-573
5829	1887	-619
5729	1784	-657
5634	1784	-673
5522	1775	-671
5387	1800	-653
5250	1827	-612
5114	1842	-612
4977	1844	-570
4843	1794	-279
4723	1678	-497
4639	1555	-487
4582	1458	-487
4530	1381	-487
4492	1345	-468
4481	1346	-433
4463	1376	-379
4409	1422	-291
4349	1425	-172
4355	1351	-68
4444	1260	17
4593	1222	120
4771	1237	271
4949	1271	419
5137	1286	511
5347	1269	552
5547	1249	567
5705	1266	584
5772	1326	598
5709	1374	607
5536	1387	620
5321	1377	643
5095	1356	674
4826	1351	691
4521	1395	695
4203	1523	675
3864	1678	644
3504	1784	623
3177	1886	589
2915	1955	498
2692	1934	387
2524	1846	315
2500	1737	272
2670	1636	250
2940	1557	224
3232	1546	156
3553	1615	49
3914	1724	-66
4369	1826	-182
4985	1868	-265
5794	1838	-403
6708	1727	-591
7544	1575	-730
8211	1459	-828
8640	1392	-889
8786	1381	-942
8748	1399	-990
8592	1398	-995
8344	1367	-952
8015	1350	-892
7609	1394	-816
7154	1506	-745
6718	1616	-707
6331	1654	-697
6075	1656	-729
5441	1642	-794
5606	1625	-846
5307	1627	-892
5047	1620	-929
4845	1620	-937
4728	1620	-923
4703	1574	-903
4751	1515	-883
4822	1515	-873
4886	1455	-877
4943	1365	-877
4997	1231	-907
5036	1039	-1227
5048	749	-1052
4995	402	-1102
4884	148	-1120
4771	31	-1119
4690	-21	-824
4603	-51	-1016
4435	-93	-956
4210	-219	-906
3974	-482	-844
3710	-776	-745
3471	-882	-577
3476	-694	-339
3968	-311	-258
4795	-25	-451
5547	-38	-784
6187	-281	-1184
6863	-570	-1562
7493	-751	-1836
7991	-670	-1941
8347	-240	-1879
8478	330	-1672
8277	791	-1345
7862	1039	-997
7506	1111	-705
7241	1170	-512
6993	1317	-418
6783	1560	-399
6594	1837	-439
6420	2065	-518
6292	2157	-581
6187	2087	-591
6068	1880	-581
5934	1562	-582
5911	1881	-658
5856	2207	-691
5617	1880	-697
5466	1652	-731
5467	1591	-687
5429	1637	-621
5292	1689	-530
5134	1757	-405
5009	1895	-239
4988	2077	-62
5153	2227	56
5511	2294	104
5936	2319	88
6187	2332	10
6186	2345	-103
6004	2380	-206
5715	2415	-245
5548	2515	-181
5613	2760	-79
5732	3114	-30
5664	3449	-62
5337	3628	-169
4872	3614	-286
4419	3450	-359
4015	3227	-383
3759	2999	-354
3106	2756	-205
2953	2642	86
2916	2773	347
2955	2940	466
3146	2969	482
3041	2912	392
2816	2912	235
2875	2584	40
3126	2746	-159
3469	2591	-304
3979	2386	-402
4643	2177	-402
5355	2005	-734
5996	1841	-573
6599	1691	-693
7154	1569	-794
7500	1411	-851
7638	1261	-872
7656	1164	-878
7564	1103	-872
7415	1044	-842
7270	978	-789
7114	950	-685
6973	1035	-551
6888	1235	-465
6834	1466	-438
6780	1663	-473
6737	1793	-567
6704	1856	-683
6650	1876	-776
6553	1875	-834
6455	1821	-862
6403	1708	-858
6401	1576	-847
6428	1390	-845
6431	1111	-838
6389	804	-852
6327	501	-913
6250	182	-999
6134	-158	-1085
5949	-510	-1167
5662	-851	-1194
5254	-1192	-1113
4752	-1519	-941
4220	-1721	-683
3783	-1725	-324
3669	-1530	13
4052	-1203	2
4709	-957	-375
5252	-923	-823
5695	-986	-1200
6238	-995	-1446
6858	-846	-1496
7437	-527	-1346
7845	-119	-1115
7972	250	-887
7826	514	-682
7574	684	-548
7321	775	-487
7045	852	-465
6756	963	-444
6468	1099	-405
6159	1231	-319
5820	1332	-200
5479	1406	-92
5132	1462	-17
4774	1512	22
4444	1554	34
4158	1570	26
3929	1539	-8
3795	1467	-73
3807	1372	-175
3946	1298	-287
4204	1311	-407
4204	1410	-547
4972	1596	-666
5859	1878	-725
5649	2223	-678
6165	2563	-501
6539	2807	-233
6656	2807	18
6605	3063	133
6566	3324	125
6482	3231	125
6321	3383	-48
6087	3567	-138
5645	3769	-138
4939	3976	-185
4048	4130	-224
3173	4006	-170
2710	3591	106
3012	3242	392
3586	3221	526
3706	3518	597
3677	3904	613
3912	4098	518
4312	3980	313
4820	3617	30
5407	3189	-291
6063	2826	-561
6790	2556	-722
7433	2323	-814
7819	2058	-866
7896	1769	-877
7720	1509	-846
7396	1325	-757
6974	1216	-616
6545	1158	-470
6178	1137	-335
5865	1176	-232
5614	1275	-181
5433	1390	-151
5335	1533	-140
5321	1705	-155
5377	1876	-205
5489	1991	-284
5594	1996	-384
5679	1949	-517
5791	1907	-645
5941	1878	-735
6111	1838	-795
6328	1734	-838
6618	1572	-919
6928	1328	-1081
7244	964	-1268
7516	514	-1489
7696	-54	-1712
7656	-697	-1869
7243	-1242	-1994
6576	-1659	-1997
5800	-2061	-1770
4988	-2376	-1313
4261	-2360	-667
3890	-1903	-34
4228	-1332	59
5058	-1213	-472
5771	-1587	-1141
6335	-2055	-1752
6960	-2305	-2209
7585	-2169	-2335
8076	-1633	-2145
8354	-859	-1768
8354	-66	-1337
8354	556	-933
7726	882	-608
7908	882	-426
7445	908	-359
6945	908	-354
6484	908	-366
6086	1157	-358
5746	1346	-302
5464	1387	-192
5232	1697	-65
4998	1979	-65
4747	2175	191
4500	2215	147
4295	2112	190
4186	1963	179
4215	1855	142
4403	1814	90
4736	1825	-9
5206	1849	-126
5762	1882	-149
6354	2041	-85
6921	2343	14
7314	2609	179
7355	2745	389
7125	2873	590
6777	3085	712
6333	3279	728
5914	3437	689
5591	3608	637
5307	3767	554
5026	3907	460
4768	4001	425
4515	4003	469
4224	3954	599
3871	3934	802
3600	4065	1010
3645	4283	1091
3759	4302	1044
3730	4081	948
3851	3787	792
4228	3501	579
4721	3226	342
5297	2969	92
5962	2756	-151
6665	2544	-370
7398	2327	-565
8026	2068	-697
8311	1759	-761
8227	1472	-756
7852	1255	-676
7296	1149	-559
6746	1115	-443
6285	1107	-307
5893	1144	-162
5576	1251	-50
5368	1430	3
5302	1656	-17
5380	1886	-79
5565	2091	-183
5815	2210	-342
6075	2214	-521
6316	2145	-682
6543	2040	-791
6722	1903	-846
6829	1712	-883
6904	1424	-962
7009	1052	-1068
7114	628	-1181
7114	107	-1291
7114	-473	-1364
6437	-956	-1450
6639	-1275	-1579
5677	-1521	-1652
5665	-1866	-1526
5165	-2378	-1168
4724	-2566	-673
4344	-2331	-181
4059	-2490	67
4097	-2059	-268
4734	-1670	-268
5641	-1713	-1804
6331	-2080	-2325
6886	-2444	-2691
7475	-2527	-2759
8030	-2144	-2671
8401	-1372	-2237
8594	-427	-1652
8674	419	-1061
8557	937	-577
8252	1146	-271
7883	1210	-159
7531	1254	-200
7167	1277	-287
6785	1293	-337
6476	1344	-342
6225	1454	-309
5973	1631	-249
5681	1860	-182
5366	2088	-146
5064	2196	-177
4819	2121	-256
4687	1925	-353
4691	1693	-475
4853	1472	-618
5198	1340	-746
5691	1349	-842
6286	1488	-895
6952	1749	-851
7560	2129	-614
7914	2548	-213
7916	2931	166
7684	3306	372
7247	3631	357
6630	3911	213
5936	4211	84
5115	4510	-11
4248	4628	-19
3632	4447	15
3374	4281	80
3401	4219	303
3573	4115	583
3807	4194	761
4031	4497	730
3877	4752	566
3553	4786	417
3599	4574	291
3907	4191	170
4379	3737	-1
5066	3363	-229
5874	3130	-474
6794	2915	-700
7802	2599	-913
8686	2166	-1124
9216	1696	-1281
9330	1290	-1328
9119	1022	-1255
8673	886	-1120
8127	847	-997
7687	904	-887
7392	1079	-777
7127	1343	-645
6889	1642	-512
6736	1957	-423
6659	2245	-388
6657	2402	-404
6657	2427	-499
6691	2393	-658
6711	2268	-783
6710	2268	-855
6690	2006	-904
6699	1957	-956
6811	1957	-1044
6996	1445	-1184
7195	1018	-1308
7379	983	-1377
7485	453	-1453
7534	149	-1593
7592	-73	-1593
7541	-385	-1849
7222	-827	-2274
6697	-1394	-2128
6069	-2017	-2021
5379	-2525	-1668
4719	-2692	-1115
4137	-2422	-539
3707	-1826	-56
3679	-1200	162
4303	-937	-179
5254	-1217	-871
6006	-1761	-1468
6628	-2170	-1917
7285	-2221	-2222
7852	-1808	-2320
8192	-1048	-2186
8337	-167	-1860
8460	687	-1456
8566	1311	-1060
8509	1642	-725
8275	1783	-492
7923	1800	-334
7485	1765	-240
6995	1750	-203
6501	1771	-170
6042	1814	-112
5632	1894	-39
5297	2034	32
5038	2188	73
4889	2263	83
4897	2223	45
5084	2153	-89
5452	2131	-340
5994	2138	-627
6734	2193	-833
7649	2351	-875
8564	2596	-690
9090	2774	-328
9005	2788	22
8550	2778	175
7841	2836	129
6937	2922	29
6116	3056	-5
5587	3234	75
5422	3410	246
5421	3651	396
5280	4062	450
4974	4532	478
4611	4798	518
4210	4711	559
3780	4322	665
3489	3918	840
3517	3748	926
3518	3752	896
3298	3778	848
3239	3755	765
3473	3619	607
3917	3355	408
3917	3036	195
5197	2757	-51
6336	2519	-336
6147	2272	-628
7065	1992	-895
7957	1992	-1058
8492	1224	-1056
8553	976	-958
8396	1005	-827
8184	927	-658
7913	965	-506
7586	1082	-506
7203	1218	-506
6810	1341	-26
6490	1517	-178
6253	1759	-102
6090	2009	-81
6040	2222	-141
6081	2335	-259
6142	2374	-417
6241	2367	-603
6419	2290	-750
6653	2206	-836
6945	2128	-890
7353	1990	-933
7861	1732	-1019
8300	1308	-1192
8465	730	-1408
8301	107	-1563
7895	-425	-1602
7378	-802	-1637
6860	-1114	-1685
6339	-1494	-1599
5756	-1940	-1311
5100	-2311	-859
4431	-2436	-316
3934	-2230	215
3895	-1784	369
4416	-1499	-44
5132	-1617	-713
5739	-1908	-1312
6374	-2107	-1761
7073	-2087	-2031
7650	-1750	-2053
7951	-1157	-1842
7954	-484	-1468
7836	164	-1056
7674	646	-698
7410	903	-417
7047	1014	-239
6639	1057	-176
6215	1082	-184
5777	1122	-201
5394	1223	-182
5076	1387	-130
4809	1574	-71
4588	1726	-25
4419	1810	3
4358	1837	-5
4435	1810	-64
4649	1741	-172
4998	1679	-350
5451	1673	-580
6013	1722	-793
6719	1805	-943
7554	1957	-1001
8370	2179	-971
8890	2401	-846
8947	2575	-650
8706	2744	-451
8347	2946	-263
8347	3216	-102
7323	3563	-14
6527	3923	-28
6472	4219	-171
5382	4175	-126
4268	3780	147
3627	3524	334
3567	3132	467
3654	3283	605
3607	3557	678
3587	4051	650
3560	4362	650
3251	4258	394
2960	3943	133
3060	3674	246
3449	3508	95
3985	3313	-96
4589	3099	-313
5236	2919	-534
6001	2733	-741
6901	2488	-922
7631	2098	-1042
7943	1617	-1076
7882	1200	-1024
7596	934	-928
7205	803	-798
6793	779	-629
6485	871	-465
6297	1069	-332
6162	1314	-240
6075	1574	-210
6052	1874	-245
6089	2182	-321
6160	2384	-434
6240	2455	-575
6359	2482	-721
6554	2450	-860
6807	2359	-981
7064	2294	-1074
7360	2222	-1148
7749	2067	-1265
8200	1738	-1444
8606	1163	-1634
8739	436	-1770
8524	-250	-1864
8085	-766	-2022
7495	-1170	-2225
6824	-1570	-2293
6134	-2038	-2065
5441	-2527	-1518
4782	-2747	-760
4274	-2527	36
4161	-2042	499
4640	-1773	261
5391	-2022	-484
6003	-2513	-1314
6599	-2865	-2042
7272	-2885	-2438
7916	-2503	-2373
8383	-1800	-2021
8585	-998	-1540
8586	-221	-1020
8432	455	-566
8119	922	-236
7669	1184	-56
7140	1286	-10
6593	1250	-31
6056	1150	-49
5583	1111	-42
5208	1139	-21
5208	1204	39
4696	1730	48
4467	2252	58
4509	2239	93
4264	2104	23
4165	1972	-102
4326	1972	-245
4718	1878	-419
5280	1833	-601
5989	1867	-726
6811	1971	-744
7657	2125	-744
8301	2341	-488
8471	2589	-479
8195	2830	-366
7712	3101	-297
7142	3354	-211
6611	3550	-69
6073	3721	102
5297	3897	265
4357	4021	377
3562	3976	464
3160	3738	589
3219	3487	691
3649	3487	639
3952	3675	509
3795	3864	394
3714	3961	259
3977	3897	62
4336	3665	-193
4784	3369	-460
5413	3142	-688
6252	2963	-871
7200	2745	-1064
8036	2447	-1249
8543	2060	-1354
8645	1603	-1329
8499	1148	-1178
8216	768	-974
7800	508	-748
7267	411	-533
6704	513	-366
6198	787	-202
5767	1195	-66
5447	1671	-14
5259	2080	-35
5166	2360	-134
5138	2468	-269
5143	2481	-417
5171	2477	-594
5213	2417	-737
5282	2328	-816
5448	2268	-847
5744	2277	-861
6212	2319	-894
6915	2285	-1024
7813	1994	-1354
8608	1288	-1831
8900	355	-2280
8593	-434	-2615
7980	-995	-2820
7386	-1433	-2866
6822	-1785	-2657
6214	-2036	-2139
5635	-2157	-1440
5111	-2158	-743
4680	-2057	-215
4604	-1902	-170
5022	-1882	-690
5022	-2008	-1363
6046	-2124	-1890
6561	-2130	-2205
6626	-1916	-2233
7274	-1422	-1994
7803	-771	-1587
8090	-3	-1131
8155	398	-727
8059	1002	-418
7833	933	-246
7529	1208	-232
7168	1208	-293
6793	1183	-293
6467	1151	-343
6185	1177	-366
5950	1274	-357
5765	1419	-315
5572	1594	-261
5365	1752	-216
5179	1904	-193
5020	2006	-469
4930	1987	-276
4963	1877	-388
5162	1726	-554
5527	1625	-743
5968	1640	-939
6464	1754	-1114
7044	1985	-1196
7651	2334	-1128
8148	2735	-873
8406	3136	-476
8381	3481	-73
7998	3681	190
7293	3794	185
6419	3959	-49
5429	4183	-361
4449	4261	-428
3817	4195	-127
3695	4170	163
3806	4251	312
3895	4479	447
4014	4739	517
3981	4779	488
3653	4536	414
3419	4246	302
3457	4069	189
3685	3956	85
4144	3808	-55
4789	3625	-249
5545	3409	-464
6434	3132	-664
7377	2775	-866
8169	2337	-1041
8577	1846	-1119
8545	1375	-1084
8226	1027	-984
7742	792	-840
7182	659	-660
6652	662	-517
6224	827	-439
5941	1104	-407
5802	1434	-391
5773	1817	-386
5868	2172	-402
6049	2419	-469
6287	2536	-595
6553	2578	-732
6815	2562	-859
7043	2481	-966
7043	2407	-1025
7456	2349	-1057
7712	2213	-1102
7775	2213	-1255
8197	1218	-1507
8611	1218	-1706
8789	1218	-1870
8603	-830	-2077
8149	-774	-2077
7566	-1050	-2276
6915	-1481	-2276
6243	-2086	-1492
5583	-2615	-980
4957	-2763	-803
4423	-2516	-177
4138	-2122	147
4443	-1952	-128
5266	-2273	-937
5981	-2886	-1752
6516	-3334	-2335
7122	-3341	-2656
7640	-2836	-2608
7850	-1944	-2220
7813	-945	-1638
7747	-68	-1041
7660	526	-567
7456	816	-268
7149	968	-176
6815	1103	-236
6506	1224	-332
6207	1328	-397
5936	1434	-409
5693	1558	-379
5459	1695	-306
5253	1842	-196
5070	1998	-104
4952	2104	-83
4965	2102	-164
5138	2021	-334
5460	1928	-542
5886	1875	-711
6418	1919	-785
7038	2104	-778
7669	2405	-676
8237	2723	-497
8561	3006	-289
8527	3244	-77
8289	3505	102
7828	3847	212
7049	4181	216
6062	4412	147
5037	4407	82
4294	4071	191
4117	3751	438
4304	3997	553
4310	4731	529
4050	5427	521
3907	5784	557
4074	5681	494
4062	5106	329
3701	4483	238
3555	4163	277
3688	4016	336
3984	3818	293
4569	3528	128
4569	3258	-130
6361	2996	-420
6957	2675	-697
7154	2299	-991
8167	1867	-1239
8963	1867	-1311
9282	843	-1201
9154	676	-984
8755	604	-745
8227	482	-551
7710	568	-447
7243	814	-368
6842	1151	-368
6580	1552	-292
6465	1985	-272
6456	2363	-306
6519	2559	-363
6584	2574	-469
6607	2545	-629
6620	2481	-769
6645	2339	-869
6709	2164	-952
6847	2014	-1022
7086	1848	-1117
7470	1457	-1261
7845	768	-1431
7971	20	-1614
7778	-629	-1819
7348	-1212	-2057
6824	-1697	-2255
6338	-2035	-2308
5972	-2314	-2132
5627	-2565	-1703
5241	-2649	-1125
4904	-2424	-561
4824	-1928	-261
5186	-1494	-442
5787	-1408	-954
6351	-1545	-1494
6905	-1701	-1928
7455	-1741	-2171
7906	-1530	-2173
8140	-1058	-1964
8184	-419	-1622
8181	246	-1249
8167	784	-912
8088	1112	-647
7896	1229	-485
7599	1193	-398
7210	1132	-348
6782	1161	-296
6358	1302	-233
5938	1517	-167
5550	1753	-82
5224	1982	5
4978	2139	52
4849	2145	36
4899	2055	-61
5178	1976	-211
5677	1971	-393
6358	2073	-592
7166	2240	-730
8028	2467	-723
8788	2744	-563
9121	2987	-320
9005	3211	-93
8629	3470	37
8031	3702	74
7335	3945	43
6573	4306	-73
6573	4633	-221
4570	4674	-132
4058	4449	261
3919	4449	579
3844	4214	711
3950	4214	832
3874	5281	859
3791	5793	646
3796	5768	327
3605	5774	104
3373	5483	-20
3457	5150	-20
3750	4745	-20
4179	4236	-467
4833	3738	-344
5663	3324	-522
6595	2952	-715
7613	2585	-895
8450	2167	-1053
8842	1684	-1143
8798	1261	-1135
8437	968	-1062
7894	793	-982
7250	725	-892
6651	775	-750
6199	955	-586
5922	1243	-478
5799	1594	-427
5790	1991	-428
5901	2377	-490
6084	2649	-551
6286	2797	-643
6553	2809	-772
6869	2672	-865
7197	2537	-917
7567	2453	-939
8021	2338	-984
8587	2151	-1157
9188	1779	-1510
9595	1075	-1910
9593	179	-2174
9225	-668	-2299
8652	-1387	-2349
7887	-1924	-2276
6941	-2248	-2045
5955	-2407	-1587
5109	-2485	-901
4570	-2475	-199
4490	-2369	73
4873	-2401	-279
5414	-2682	-936
5867	-2957	-1611
6322	-3028	-2062
6846	-2812	-2105
7372	-2271	-1789
7739	-1512	-1289
7854	-731	-795
7746	-92	-443
7488	358	-308
7179	635	-339
6853	804	-414
6552	936	-464
6267	1057	-456
5991	1189	-390
5730	1310	-266
5495	1422	-124
5320	1566	-14
5193	1734	43
5084	1900	69
5041	1962	76
5041	1946	64
5553	2013	55
5920	2154	58
5907	2370	67
6577	2617	20
7367	2748	-96
8213	2748	-199
9010	3004	-220
9469	2839	-190
9451	2941	-144
9039	3102	-46
8295	3305	114
7432	3519	370
6751	3709	591
6191	3964	577
5507	4344	716
4717	4777	689
4040	5111	647
3628	5138	742
3470	4965	922
3601	4888	973
3792	4915	762
3633	5002	478
3379	5097	297
3363	4998	191
3533	4595	97
3895	4068	-43
4440	3635	-230
5129	3322	-451
5963	3053	-708
6845	2704	-1009
7624	2312	-1289
8089	1904	-1445
8085	1486	-1454
7762	1183	-1319
7310	1012	-1118
6821	916	-901
6347	861	-675
5956	853	-505
5715	925	-413
5624	1123	-382
5661	1430	-394
5816	1787	-455
6074	2159	-554
6472	2499	-653
6996	2751	-754
7545	2900	-900
8108	2895	-1079
8637	2639	-1225
9088	2216	-1320
9447	1739	-1488
9685	992	-1724
9685	-86	-1879
9366	-1102	-1987
8799	-1833	-2119
8005	-2398	-2171
7035	-2819	-2009
6056	-3059	-1568
5219	-3192	-904
4657	-3196	-251
4580	-3016	-23
5099	-2888	-494
5816	-2997	-1359
6408	-3151	-2117
7005	-3140	-2546
7646	-2842	-2535
8175	-2249	-2120
8175	-1499	-1514
8431	-761	-920
8049	-108	-462
7505	411	-173
7397	739	-39
7237	888	-24
6781	888	-72
6331	888	-124
5881	878	-89
5474	871	7
5135	982	106
4865	1259	209
4631	1542	209
4399	1743	465
4231	1893	28
4169	1947	235
4278	1891	128
4638	1767	-65
5232	1639	-366
6055	1638	-678
7159	1844	-864
8476	2276	-879
9734	2832	-655
10269	3344	-76
9784	3894	594
8720	4440	937
7586	4745	918
6721	4828	708
6082	4845	462
5382	4879	276
4539	4888	217
3755	4791	318
3178	4640	513
2752	4578	750
2517	4720	1037
2674	5115	1183
3071	5490	1038
3315	5560	777
3485	5368	533
3735	5018	318
4013	4564	108
4450	4080	-120
5096	3633	-354
5913	3299	-584
6818	2963	-808
7594	2497	-1043
8149	2016	-1236
8445	1563	-1309
8432	1187	-1262
8163	966	-1145
7697	888	-1025
7112	930	-927
6557	1042	-812
6133	1183	-651
5868	1394	-487
5754	1658	-360
5775	1917	-290
5910	2144	-299
6144	2325	-339
6475	2523	-398
6900	2675	-528
7366	2623	-662
7786	2471	-730
8215	2330	-779
8737	2109	-886
9226	1697	-1143
9493	999	-1498
9398	13	-1811
8890	-1046	-2005
8117	-1947	-2033
7280	-2629	-1900
7280	-3047	-1587
5488	-3241	-1100
4405	-3347	-552
4081	-3462	-103
4029	-3547	-134
4026	-3693	-797
4688	-3949	-1621
5533	-3930	-2262
6300	-3708	-2625
7149	-3607	-2588
8055	-2902	-2208
8752	-2012	-2208
9015	-1139	-1184
8889	-355	-756
8606	305	-756
8304	775	-609
7952	1085	-632
7604	1268	-708
7279	1353	-746
6946	1391	-692
6648	1439	-551
6430	1552	-364
6262	1673	-157
6078	1711	34
5977	2124	150
5946	2587	201
5860	2631	150
5859	2640	-21
6025	2643	-201
6308	2568	-417
6732	2454	-636
7308	2470	-744
7952	2671	-704
8472	2931	-496
8590	3076	-203
8242	3076	39
7697	3075	173
7117	3169	234
6632	3393	250
6311	3750	226
5947	4150	186
5363	4517	144
4609	4845	142
3857	5070	239
3194	5131	418
2813	5127	614
2915	5197	650
3161	5250	469
3217	5181	285
3338	4979	188
3601	4573	106
3894	4010	-35
4356	3495	-229
5043	3169	-455
5866	2945	-669
6796	2753	-880
7628	2510	-1086
8058	2182	-1209
8071	1831	-1191
7776	1463	-1065
7270	1159	-904
6730	976	-713
6285	932	-514
5984	1046	-348
5820	1274	-254
5735	1540	-225
5704	1832	-214
5756	2142	-224
5916	2422	-255
6197	2608	-291
6590	2660	-341
6985	2595	-453
6985	2448	-599
7497	2261	-690
7824	2090	-729
7779	1940	-765
7990	1720	-849
8214	1319	-1033
8428	1319	-1254
8556	39	-1387
8533	-344	-1495
8325	-360	-1495
7867	-890	-1625
7146	-1470	-1469
6257	-2026	-1213
5331	-2503	-632
4624	-2774	-666
4478	-2674	-397
4944	-2457	-606
5581	-2464	-1103
6148	-2596	-1657
6773	-2578	-2068
7538	-2255	-2176
8353	-1718	-1983
8901	-1162	-1588
8932	-658	-1132
8594	-153	-754
8174	318	-526
7744	673	-433
7285	889	-408
6827	934	-405
6407	910	-391
6035	953	-317
5690	1114	-194
5364	1347	-71
5051	1581	45
4739	1762	134
4459	1846	169
4259	1830	153
4158	1730	92
4143	1576	-24
4242	1407	-171
4495	1292	-329
4925	1306	-502
5506	1457	-654
6200	1736	-724
6975	2146	-672
7716	2572	-451
8183	2937	-67
8170	3272	347
7806	3553	567
7307	3715	497
6776	3694	284
6315	3594	119
5906	3575	70
5433	3738	94
4837	4046	121
4192	4333	140
3673	4439	231
3479	4378	379
3679	4280	429
3835	4167	376
3649	4144	325
3534	4252	275
3677	4280	194
3974	4112	85
4436	3807	-73
5047	3479	-266
5759	3207	-479
6542	2942	-692
7366	2658	-894
7978	2311	-1046
7978	1891	-1082
8141	1469	-1022
7941	1090	-883
7488	798	-679
6872	646	-478
6231	646	-316
5690	942	-188
5320	1144	-108
5119	1190	-80
5054	1509	-98
5094	1837	-98
5260	2135	-98
5544	2337	-502
5851	2460	-363
6147	2494	-534
6448	2425	-698
6735	2311	-792
6981	2217	-838
7239	2115	-874
7567	1934	-942
7939	1548	-1118
8273	886	-1362
8393	118	-1533
8274	-525	-1640
7958	-1031	-1746
7413	-1476	-1836
6731	-1858	-1837
5982	-2197	-1617
5219	-2446	-1125
4553	-2474	-442
4162	-2202	215
4337	-1765	377
5035	-1632	-80
5750	-1910	-768
6324	-2233	-1441
6947	-2381	-1944
7565	-2287	-2117
8060	-1895	-1990
8341	-1266	-1694
8334	-590	-1314
8119	46	-937
7827	607	-632
7531	1027	-412
7181	1269	-267
6767	1373	-200
6335	1407	-179
5876	1410	-150
5436	1417	-100
5053	1483	-27
4726	1637	68
4473	1854	167
4310	2078	237
4241	2232	249
4269	2262	211
4422	2188	141
4742	2121	27
5256	2141	-148
5980	2206	-340
6883	2266	-433
7855	2385	-381
8621	2579	-218
8804	2710	-60
8513	2798	-23
8019	2989	-51
7320	3324	16
6591	3817	216
5916	4368	321
5157	4743	234
4455	4804	129
4124	4635	136
4124	4360	258
3868	4101	400
3733	4027	501
3713	4234	553
3537	4485	503
3601	4485	398
3525	4229	334
3297	3968	282
3304	3738	197
3568	3778	72
4041	3550	-116
4759	3317	-116
5655	3071	-628
6635	2762	-857
7597	2417	-783
8486	2135	-933
9103	1819	-1029
9207	1445	-1040
8883	1147	-994
8295	952	-926
7544	839	-568
6797	788	-662
6215	831	-491
5796	1019	-328
5510	1349	-179
5363	1754	-80
5380	2120	-38
5537	2354	-42
5763	2514	-133
6004	2601	-340
6259	2549	-579
6556	2450	-773
6884	2379	-931
7266	2272	-1063
7734	2070	-1191
8279	1610	-1418
8726	730	-1693
8817	-354	-1827
8527	-1259	-1820
7919	-1848	-1827
7125	-2230	-1889
6346	-2580	-1864
5622	-2947	-1598
4971	-3201	-1077
4482	-3146	-404
4265	-2680	171
4479	-2044	252
5031	-1742	-162
5570	-1796	-755
6009	-1841	-1305
6476	-1719	-1640
6942	-1406	-1649
7280	-881	-1363
7437	-223	-955
7497	417	-588
7492	940	-347
7381	1279	-242
7157	1417	-251
6853	1433	-310
6542	1405	-347
6238	1372	-334
5955	1364	-263
5686	1398	-155
5429	1512	-54
5231	1711	8
5111	1950	11
5092	2136	-65
5244	2204	-234
5594	2137	-485
6104	2009	-813
6872	1906	-1182
7530	1860	-1489
7572	1918	-1595
8518	2125	-1376
9405	2460	-858
9869	2460	-249
9744	3228	229
9094	3807	392
8153	3664	212
7202	3997	-215
6243	4734	-558
5165	4734	-302
4203	4797	-129
3815	4503	-46
3981	4075	61
4080	3955	142
3805	4259	327
3534	4828	524
3534	5293	514
3447	5361	324
3201	5167	144
3218	4872	12
3501	4449	-112
3942	3938	-233
4583	3465	-332
5332	3106	-453
6127	2816	-606
6987	2540	-756
7768	2165	-881
8279	1734	-949
8483	1361	-937
8386	1093	-827
8035	966	-612
7563	964	-347
7084	1089	-115
6667	1301	36
6332	1589	114
6079	1987	118
5956	2418	62
6021	2726	-59
6265	2897	-249
6657	2970	-499
7144	2914	-742
7622	2765	-967
8032	2604	-1169
8397	2425	-1282
8752	2200	-1339
9135	1878	-1398
9428	1277	-1530
9363	340	-1711
8878	-685	-1826
8197	-1436	-1883
7485	-1858	-1951
6753	-2158	-1987
5988	-2377	-1794
5301	-2495	-1289
4803	-2593	-611
4423	-2679	3
4080	-2693	414
3918	-2601	541
4328	-2488	162
5214	-2526	-627
6074	-2686	-1406
6832	-2837	-2030
7582	-2865	-2450
8238	-2599	-2533
8690	-1932	-2300
8909	-1005	-1880
8946	-20	-1362
8946	827	-857
8556	1359	-447
8044	1581	-182
8129	1590	-85
7633	1531	-109
7107	1531	-185
6565	1787	-233
6029	1544	-235
5564	1646	-200
5208	1819	-142
4931	2045	-142
4747	2495	-108
4674	2337	-108
4756	2328	-231
5047	2212	-472
5552	2084	-755
6245	2074	-955
7053	2139	-984
7868	2229	-842
8597	2434	-579
9087	2753	-344
9135	3108	-221
8796	3570	-204
8085	4199	-262
6838	4909	-518
5255	5335	-661
4049	4960	-70
3980	3746	594
4809	2703	818
5363	2890	1016
5045	4256	1238
4377	6073	1316
4062	7308	1101
4087	7291	640
4077	6262	172
4035	4959	-92
4122	3985	-177
4324	3491	-199
4619	3269	-216
5056	3050	-239
5658	2721	-257
6434	2340	-306
7323	1970	-388
8131	1676	-479
8661	1485	-512
8883	1414	-451
8865	1487	-328
8665	1608	-178
8350	1695	-53
7948	1781	38
7522	1953	93
7141	2206	98
6860	2462	68
6718	2687	9
6729	2831	-88
6883	2850	-208
7059	2742	-320
7174	2533	-407
7239	2295	-488
7272	2108	-569
7333	1997	-633
7499	1941	-687
7763	1865	-745
8040	1621	-794
8190	1078	-831
8103	271	-883
7759	-644	-1042
7245	-1414	-1269
6625	-1908	-1512
5940	-2344	-1713
5267	-2874	-1655
4644	-3312	-1285
4132	-3396	-701
3613	-3053	-45
3732	-2454	492
3525	-1911	563
3699	-1747	-1
4289	-1747	-859
4993	-2259	-1626
5621	-2118	-2127
6278	-2176	-2288
7004	-1930	-2140
7723	-1304	-2140
8340	-420	-1372
8767	514	-883
8986	1289	-1002
9028	1765	-708
8920	1905	-621
8711	1809	-697
8502	1663	-791
8341	1600	-835
8228	1665	-823
8149	1813	-757
8073	2008	-644
7950	2204	-520
7774	2352	-405
7575	2441	-302
7379	2474	-284
7154	2425	-450
6917	2224	-735
6759	1955	-1062
6812	1815	-1309
7202	2002	-1228
7785	2662	-817
8087	3579	-315
7754	4249	-58
7007	4476	-349
6120	4348	-943
5268	3852	-995
4970	3057	-548
5424	2347	-292
5933	2271	-193
5809	3022	-48
5205	4232	114
4571	5187	208
4083	5385	202
3767	5040	152
3713	4637	68
3833	4386	-56
3766	4230	-69
3531	4098	67
3431	3915	230
3528	3591	358
3833	3177	419
4374	2795	390
5070	2488	275
5836	2241	108
6654	2043	-85
7502	1895	-257
8290	1773	-338
8767	1682	-295
8840	1691	-128
8705	1770	120
8506	1850	389
8278	1978	633
8042	2199	781
7801	2464	785
7578	2663	675
7415	2701	534
7318	2658	445
7264	2617	419
7228	2522	416
7178	2347	399
7178	2145	351
6922	1979	290
7028	1850	224
6954	1850	132
6857	1679	19
6762	1620	-86
6714	1620	-155
6756	1364	-203
6881	1079	-304
6978	1054	-496
6933	640	-766
6704	14	-1129
6292	-807	-1129
5666	-1689	-1654
4906	-2405	-1654
4184	-2824	-1614
3632	-2960	-1294
3347	-2819	-714
3456	-2349	-92
4057	-1716	191
4906	-1343	-17
5638	-1403	-594
6253	-1681	-1339
6921	-1890	-2027
7690	-1805	-2463
8512	-1358	-2553
9181	-652	-2349
9483	155	-1947
9419	867	-1476
9201	1392	-1040
8931	1713	-718
8556	1833	-554
8080	1843	-530
7576	1833	-561
7107	1833	-563
6713	1858	-527
6450	1948	-472
6317	2140	-399
6269	2417	-316
6299	2661	-294
6436	2681	-455
6723	2450	-859
7133	2116	-1438
7601	1811	-2075
8144	1666	-2538
8739	1814	-2626
9192	2199	-2338
9278	2650	-1743
8928	3148	-1099
8116	3563	-682
6977	3652	-665
5880	3298	-930
5186	2667	-1198
5040	2184	-1450
5098	2206	-1597
4961	2817	-1526
4610	3748	-1341
4141	4598	-1219
3599	5007	-1211
3102	4850	-1199
2867	4455	-1109
2915	4221	-944
2884	4284	-640
2771	4542	-268
2928	4713	6
3322	4566	146
3847	4152	191
4514	3684	153
5285	3190	10
6138	2584	-175
7088	1964	-310
7995	1468	-294
8466	1201	-83
8466	1286	274
8192	1625	665
8334	2100	1024
8359	2652	1266
8478	3102	1257
8544	3320	1062
8498	3576	810
8400	3073	635
8331	3194	571
8282	3004	548
8237	2776	517
8197	2486	517
8113	2192	261
7960	1926	82
7728	1701	225
7440	1563	112
7134	1483	23
6870	1384	-47
6684	1216	-87
6538	946	-78
6408	610	-60
6280	233	-122
6106	-281	-362
5800	-918	-734
5364	-1505	-1146
4909	-2055	-1507
4497	-2652	-1628
4085	-3100	-1439
3719	-3143	-1034
3572	-2799	-496
3726	-2276	28
4217	-1860	147
4934	-1761	-326
5647	-1913	-1071
6389	-2162	-1816
7258	-2348	-2413
8319	-2216	-2777
9556	-1670	-2921
10574	-854	-2759
11006	-17	-2352
10955	702	-1851
10735	1246	-1367
10420	1602	-985
9936	1879	-758
9338	2026	-728
8707	1987	-790
8077	1875	-834
7511	1789	-838
7095	1795	-793
6860	1907	-683
6751	2093	-561
6689	2242	-520
6641	2233	-602
6623	2079	-812
6694	1903	-1120
6884	1796	-1453
7178	1778	-1696
7590	1895	-1741
8134	2223	-1535
8584	2671	-1242
8635	2990	-1057
8233	3081	-1078
7448	3059	-1324
6461	3102	-1624
5483	3240	-1794
4715	3238	-1663
4352	3026	-1385
4247	3017	-1221
4061	3405	-1092
3725	3876	-967
3419	4169	-843
3283	4243	-682
3283	4160	-594
3539	4006	-589
3452	3869	-577
3088	3768	-550
3325	3611	-490
3535	3315	-348
3867	3059	-175
4287	2416	-71
4812	2541	-38
5436	2187	-29
6138	1845	-9
6829	1543	-9
7424	1394	503
7865	1423	527
8146	1632	601
8311	2071	1040
8391	2644	1473
8384	3108	1729
8267	3330	1784
8033	3397	1741
7766	3428	1693
7585	3444	1601
7513	3325	1443
7521	2992	1273
7589	2552	1107
7665	2125	945
7705	1771	790
7689	1500	657
7567	1334	541
7367	1282	444
7143	1249	396
6924	1131	413
6708	916	453
6449	617	463
6147	203	381
5786	-402	102
5322	-1136	-310
4790	-1760	-625
4311	-2157	-875
3986	-2389	-1022
3810	-2426	-919
3753	-2227	-648
3807	-1896	-265
4027	-1529	127
4522	-1245	292
5155	-1142	84
5675	-1165	-392
6148	-1226	-979
6699	-1261	-1536
7342	-1184	-1937
8133	-877	-2146
8995	-336	-2161
9656	257	-2026
9926	758	-1779
9865	1166	-1446
9628	1486	-1145
9280	1699	-950
8831	1851	-841
8316	1990	-819
7767	2068	-852
7199	2028	-893
6716	1951	-914
6428	1926	-897
6310	2009	-830
6280	2166	-733
6269	2262	-664
6258	2187	-690
6257	1996	-823
6256	1844	-1068
6243	1775	-1381
6248	1782	-1595
6368	1914	-1580
6368	2212	-1316
7136	2561	-951
7029	2743	-708
7163	2679	-726
7002	2527	-952
6681	2530	-1183
6319	2530	-1320
5967	3554	-1400
5512	3637	-1542
4854	3805	-1688
4125	3969	-1640
3575	3818	-1439
3300	3616	-1183
3205	3589	-918
3298	3638	-977
3460	3668	-923
3471	3681	-918
3480	3669	-911
3659	3560	-885
3934	3347	-809
4272	3078	-643
4759	2779	-424
5420	2461	-235
6155	2154	-106
6774	1922	-16
7076	1767	116
7020	1740	344
6836	1877	653
6770	2132	1032
6819	2469	1362
6860	2789	1518
6837	2963	1532
6810	2994	1477
6874	2953	1427
7017	2873	1402
7194	2723	1360
7380	2515	1249
7494	2284	1065
7512	2062	879
7502	1885	730
7481	1745	577
7411	1697	400
7302	1724	253
7159	1738	173
6974	1679	175
6809	1555	238
6693	1365	308
6556	1059	295
6337	573	92
5980	-114	-396
5509	-965	-978
4983	-1707	-1273
4515	-2149	-1281
4236	-2506	-984
4121	-2748	-397
4293	-2631	31
4857	-2302	94
5526	-2025	-147
6107	-1858	-675
6674	-1809	-1313
7297	-1809	-1827
8046	-1672	-2131
8849	-1253	-2180
9420	-648	-1968
9541	-35	-1577
9323	535	-1201
9005	984	-961
8643	1254	-842
8186	1406	-828
7638	1481	-870
7071	1496	-918
6596	1520	-944
6260	1612	-936
6004	1737	-908
6039	1829	-865
5651	1870	-825
5823	1878	-822
5764	1874	-850
5732	1874	-917
5755	1874	-1061
5871	1840	-1253
6025	1541	-1443
6147	1767	-1598
6263	1802	-1613
6447	1963	-1613
6759	2295	-1101
7115	2760	-521
7275	3153	-697
7039	3265	-529
6443	3188	-673
5656	3185	-1080
4798	3223	-1451
4093	3028	-1466
3808	2741	-1290
3833	2699	-1099
3825	2902	-836
3635	3213	-588
3335	3525	-384
3054	3742	-218
2963	3864	-124
3111	3937	-159
3155	3942	-253
3068	3896	-310
3257	3802	-339
3686	3551	-336
4185	3125	-262
4826	2716	-154
5552	2407	-93
6293	2113	-97
7102	1829	-165
7906	1540	-260
8452	1311	-309
8649	1303	-255
8590	1500	-134
8393	1743	20
8143	1971	222
7917	2219	451
7732	2508	653
7568	2753	746
7468	2874	708
7470	2920	619
7572	2941	504
7742	2889	381
7914	2709	265
8013	2445	153
8004	2185	57
7898	1956	-46
7741	1744	-159
7598	1556	-256
7516	1365	-310
7463	1085	-300
7373	694	-204
7162	295	-78
6828	-89	-39
6477	-517	-225
6128	-1027	-623
5755	-1527	-998
5397	-2039	-1240
5022	-2608	-1278
4613	-2993	-1047
4259	-2968	-572
4058	-2498	51
4168	-1720	463
4559	-1036	460
4952	-743	144
4952	-685	-383
5720	-695	-935
5940	-687	-1342
6625	-571	-1555
6541	-308	-1587
6912	97	-1529
7254	562	-1384
7560	818	-1165
7749	1483	-957
7807	1563	-745
7731	1561	-553
7533	1708	-417
7245	1756	-339
6926	1746	-339
6626	1754	-314
6376	1808	-325
6180	1915	-335
6065	2093	-313
6072	2320	-276
6155	2505	-228
6306	2622	-223
6485	2609	-373
6700	2295	-642
7057	1882	-958
7569	1692	-1228
8150	1731	-1315
8608	1952	-1181
8750	2311	-878
8562	2738	-592
8070	3174	-454
7373	3584	-527
6625	4000	-795
5837	4316	-1014
5061	4537	-939
4523	4667	-685
4334	4598	-463
4250	4447	-264
3966	4411	-54
3574	4584	176
3342	4820	289
3173	4866	244
2843	4686	184
2640	4419	124
2820	4128	31
3234	3805	-103
3782	3459	-238
4443	3150	-353
5197	2867	-465
6046	2543	-583
6951	2208	-701
7750	1856	-767
8132	1466	-716
8015	1177	-516
7645	1082	-223
7223	1160	63
6827	1319	291
6529	1523	446
6397	1859	550
6429	2337	553
6622	2747	398
6929	2925	174
7301	2952	-52
7711	2894	-238
8125	2765	-394
8535	2578	-564
8906	2320	-699
9238	2087	-792
9564	1933	-910
9835	1710	-1195
9860	1086	-1670
9439	1	-1964
8696	-1024	-2053
7911	-1790	-2132
7051	-2439	-2095
6071	-2884	-1889
5184	-3162	-1436
4573	-3393	-794
4317	-3521	-263
3941	-3493	-25
3944	-3405	-248
3985	-3454	-983
4536	-3670	-1793
5297	-3670	-2312
5988	-3414	-2518
6738	-2984	-2431
7530	-2886	-2126
8223	-990	-1692
8692	-1024	-1255
8900	-111	-1255
8861	561	-743
8649	1208	-620
8374	1136	-620
8013	1247	-634
7583	1386	-612
7133	1520	-533
6704	1616	-419
6333	1715	-280
6033	1852	-126
5815	2044	-5
5657	2225	43
5574	2326	2
5598	2328	-132
5749	2205	-329
6037	2043	-553
6495	1944	-760
7157	1908	-967
8014	1945	-1123
8936	2144	-1082
9519	2567	-826
9539	3118	-474
9071	3700	-253
8162	4278	-377
6861	4906	-1059
5148	5417	-1625
3584	5190	-1111
3266	4190	-531
4030	3546	-524
4438	3980	-351
4060	4982	-30
3594	5743	134
3377	5666	86
3401	4874	-108
3549	4037	-294
3748	3512	-428
4120	3246	-565
4683	3115	-683
5323	3017	-756
5998	2826	-782
6706	2542	-774
7363	2269	-732
7725	1972	-665
7649	1683	-553
7290	1462	-384
6853	1323	-180
6486	1363	10
6300	1562	131
6270	1828	158
6304	2098	101
6375	2359	17
6498	2615	-80
6717	2796	-206
7043	2785	-311
7422	2620	-401
7807	2405	-508
8169	2183	-618
8511	2009	-722
8838	1901	-843
9198	1809	-1040
9591	1588	-1318
9812	1103	-1593
9669	497	-1711
9157	-103	-1713
8695	-922	-1727
7802	-1906	-1710
7714	-1906	-1609
6607	-3054	-1366
5508	-3410	-1006
4628	-3922	-655
3974	-4099	-454
3536	-4559	-620
3476	-4386	-1210
3986	-4386	-1919
4845	-4228	-1919
5729	-3988	-2687
6664	-3585	-2348
7718	-2997	-2475
8791	-2189	-2166
9573	-1214	-1804
9846	-257	-1439
9660	536	-1146
9249	1061	-980
8813	1321	-892
8375	1424	-827
7924	1447	-722
7459	1436	-565
7000	1457	-380
6590	1576	-200
6232	1752	-50
5900	1910	89
5616	2014	218
5434	2063	311
5414	2070	325
5555	2044	238
5816	2043	-5
6193	2023	-428
6719	1924	-882
7419	1814	-1176
8274	1803	-1209
9057	1990	-1008
9322	2329	-626
8973	2808	-226
8099	3429	-32
6740	4048	-145
5255	4314	-211
4194	4179	37
3885	3929	174
4027	3930	82
4134	4365	-20
4016	4807	-11
3727	4928	135
3585	4860	224
3678	4756	149
3613	4628	54
3419	4514	11
3473	4345	13
3743	4064	16
4139	3740	-76
4686	3445	-222
5370	3171	-383
6225	2831	-589
7271	2444	-891
8252	2029	-1210
8829	1617	-1396
8959	1295	-1426
8700	1072	-1317
8213	924	-1096
7744	831	-838
7382	889	-624
7178	1163	-502
7152	1557	-442
7202	2030	-411
7202	2489	-398
7281	2766	-395
7422	2839	-432
7566	2701	-550
7645	2403	-684
7674	2134	-774
7630	1878	-832
7556	1984	-866
7566	1918	-888
7667	1883	-920
7836	1830	-920
8106	1723	-1176
8460	1421	-1534
8718	873	-1515
8665	195	-1697
8319	-495	-1811
7734	-1160	-1863
7014	-1790	-1845
6301	-2339	-1675
5649	-2682	-1400
5094	-2867	-1107
4606	-3028	-721
4283	-2897	-400
4430	-2516	-503
4951	-2315	-990
5443	-2377	-1506
5879	-2474	-1906
6391	-2396	-2118
6921	-2057	-2089
7385	-1446	-1922
7674	-665	-1651
7719	150	-1307
7647	896	-982
7559	1452	-703
7466	1768	-508
7368	1884	-422
7237	1866	-395
7056	1756	-370
6902	1654	-303
6846	1679	-184
6854	1840	-54
6840	2104	75
6751	2447	207
6606	2755	290
6454	2925	271
6343	2983	113
6321	2850	-245
6431	2491	-762
6724	2070	-1277
7250	1705	-1558
8004	1572	-1427
8769	1824	-964
9046	2367	-335
8627	3033	177
7600	3551	398
6170	3610	422
5005	3097	468
4768	2580	478
5261	2955	277
5590	4247	4
5325	5695	-270
4775	6472	-522
4217	6258	-694
3642	5463	-656
3181	4852	-368
3183	4741	-91
3426	4825	66
3493	4843	211
3554	4745	342
3686	4513	371
3884	4169	261
4356	3808	16
5153	3500	-329
5153	3264	-731
7457	3121	-1184
9178	2955	-1593
9117	2598	-1844
10118	2105	-1910
10353	1612	-1813
9634	1204	-1593
9707	948	-1278
9043	624	-899
8231	704	-518
7429	851	-207
6813	2123	11
6474	2058	11
6414	2602	11
6540	2734	-134
6731	2535	-63
6906	2250	-608
7025	2153	-625
7143	2289	-897
7344	2424	-1142
7644	2399	-1306
8042	2229	-1386
8560	1991	-1371
9147	1760	-1341
9654	1423	-1440
9948	865	-1652
9860	232	-1923
9342	-432	-2228
8534	-1136	-2480
7528	-1653	-2580
6467	-1913	-2419
5523	-2034	-2044
4760	-2085	-1592
4162	-2161	-1219
3837	-2302	-1114
3958	-2545	-1419
4393	-2968	-1961
4856	-3486	-2383
5313	-3799	-2612
5809	-3623	-2647
6313	-2949	-2442
6777	-2012	-2093
7136	-1107	-1697
7341	-388	-1330
7352	167	-1070
7212	603	-867
7010	966	-681
6751	1233	-540
6431	1366	-448
6097	1420	-372
5776	1448	-269
5486	1455	-137
5266	1457	-25
5136	1543	43
5090	1738	77
5128	1991	88
5292	2182	78
5625	2188	43
6162	2077	-61
6941	1988	-221
7960	1995	-379
9146	2148	-565
10322	2378	-764
11183	2592	-931
11376	2757	-1054
11062	2923	-1068
10508	3308	-881
9555	4008	-519
8131	4843	-342
6470	5162	-261
5179	4501	245
4902	3321	628
5279	2848	471
5279	3742	287
4767	5223	227
3842	6109	219
3922	6109	233
3392	5066	223
3106	4642	129
3098	4642	9
2983	4667	9
2609	4777	150
2511	4752	272
2812	4475	258
3243	4052	258
3767	3745	-254
4440	3605	-297
5322	3445	-307
6396	3130	-611
7547	2681	-931
8519	2213	-1175
8914	1797	-1219
8689	1489	-1084
8204	1290	-841
7682	1145	-611
7143	1057	-442
6670	1091	-307
6348	1284	-200
6166	1627	-170
6109	2022	-211
6138	2369	-262
6276	2655	-377
6567	2798	-559
6889	2775	-731
7198	2652	-893
7522	2480	-1052
7810	2267	-1168
8083	2056	-1202
8439	1888	-1221
8958	1768	-1360
9561	1560	-1651
10040	1081	-1984
10175	396	-2231
9825	-392	-2372
9012	-1043	-2388
7980	-1428	-2251
6944	-1693	-1942
6006	-1899	-1454
5234	-2188	-870
4671	-2566	-385
4541	-2770	-346
4889	-2921	-796
5331	-3222	-1344
5693	-3490	-1773
6129	-3592	-2040
6619	-3449	-2057
7054	-2950	-1860
7380	-2150	-1537
7562	-1272	-1206
7564	-509	-925
7417	89	-678
7222	560	-495
7003	941	-361
6734	1213	-243
6447	1359	-139
6163	1415	-49
5897	1422	47
5661	1437	180
5450	1396	258
5369	1697	300
5368	2473	281
5260	2942	187
5130	2729	80
5286	2267	-116
5829	2012	-338
6586	1956	-474
7432	2062	-511
8354	2252	-515
8354	2513	-464
9634	2928	-329
9635	3425	-229
9573	3862	-268
9138	4151	-343
8416	4308	-347
7610	4308	-283
6862	4564	-181
6108	4772	-46
5322	4650	125
4651	4808	315
4134	4970	480
3670	5108	480
3256	5206	634
3080	5316	634
3122	5398	528
3105	5336	413
3093	5140	359
3319	4847	276
3696	4455	89
4128	4030	-183
4701	3660	-493
5449	3373	-787
6282	3128	-1012
7124	2872	-1171
7870	2579	-1237
8260	2233	-1183
8204	1891	-1066
7815	1611	-920
7245	1430	-748
6687	1335	-574
6243	1266	-405
5952	1251	-272
5822	1355	-233
5826	1573	-280
5928	1843	-386
6081	2120	-535
6327	2397	-668
6743	2632	-763
7302	2759	-890
7927	2739	-1086
8538	2578	-1291
9066	2340	-1485
9499	2086	-1682
9843	1780	-1848
10100	1345	-1969
10199	755	-2042
10026	57	-2133
9495	-809	-2232
8577	-1786	-2279
7357	-2509	-2282
6013	-2896	-2136
4828	-3095	-1687
4183	-3165	-1092
4325	-3227	-826
5004	-3471	-1042
5713	-3797	-1515
6292	-3929	-2027
6870	-3776	-2322
7602	-3341	-2306
8411	-2719	-2128
8911	-2034	-1894
8882	-1332	-1652
8475	-664	-1408
7982	-66	-1183
7548	391	-1035
7099	651	-935
6601	786	-807
6128	905	-631
5708	1089	-428
5366	1330	-217
5071	1569	-41
4786	1794	77
4786	1990	118
4530	2117	58
4408	2111	-105
4415	2003	-365
4587	1856	-688
4936	1684	-1044
5457	1684	-1395
6142	1565	-1663
7010	1567	-1803
8077	1713	-1803
9205	2304	-1617
10107	2511	-1337
10491	2895	-1337
10391	3230	-569
9903	3697	-318
8869	4438	-464
7099	5443	-976
4718	6077	-1004
3018	5264	-68
3253	3366	475
4448	2448	550
4769	3314	722
4164	4878	956
3733	5955	978
3580	6065	710
3282	5679	393
3154	5349	176
3353	4963	26
3690	4456	-123
4201	3981	-313
4909	3580	-534
5768	3202	-746
6823	2856	-1009
7937	2526	-1319
8712	2098	-1547
8963	1572	-1618
8771	1036	-1491
8299	580	-1210
7710	311	-859
7093	302	-525
6525	538	-257
6083	925	-54
5783	1358	87
5617	1759	151
5588	2067	142
5675	2250	95
5854	2417	-25
6093	2570	-250
6411	2606	-518
6800	2596	-815
7212	2649	-1125
7691	2714	-1368
8298	2691	-1493
9057	2529	-1567
9854	1975	-1840
10296	787	-2207
10053	-654	-2466
9192	-1678	-2693
8086	-2159	-2881
7105	-2481	-2926
6285	-2851	-2652
5578	-3177	-1988
5019	-3309	-1120
4573	-3236	-303
4314	-3028	165
4584	-2907	-64
5277	-3147	-852
5884	-3591	-1694
6403	-3921	-2394
6403	-3914	-2914
7427	-3464	-3103
8048	-2623	-2939
7984	-1589	-2547
8367	-591	-2049
8704	-591	-1518
8897	689	-1005
8855	943	-579
8600	1019	-298
8234	1223	-158
7802	1339	-87
7297	1404	-87
6749	1464	-43
6218	1543	-24
5720	1697	-40
5301	2043	-58
5009	2352	-111
4816	2381	-250
4778	2208	-463
4985	1947	-698
5437	1694	-964
6132	1485	-1275
7050	1415	-1524
8157	1555	-1634
9273	1917	-1537
9983	2426	-1232
10033	2976	-802
9384	3522	-386
8166	4116	-176
6658	4702	-389
5062	4826	-456
4000	4122	34
4169	2935	389
4978	2418	412
5132	3233	433
4481	4672	504
3737	5730	549
3374	5988	513
3506	5658	321
3687	5098	93
3535	4604	-12
3404	4301	-60
3515	4097	-103
3755	3895	-160
4175	3634	-244
4808	3345	-334
5642	3059	-463
6685	2768	-664
7774	2415	-914
8585	1958	-1113
8958	1485	-1155
8920	1065	-1066
8561	726	-895
8017	540	-648
7419	572	-381
6886	806	-156
6533	1173	-13
6365	1559	34
6318	1902	7
6367	2221	-64
6567	2535	-185
6948	2727	-384
7415	2690	-627
7837	2552	-896
8181	2423	-1165
8482	2283	-1395
8791	2105	-1623
9171	1758	-1859
9498	1048	-2049
9493	28	-2040
9065	-911	-1732
9065	-1448	-1351
7785	-1720	-1196
6955	-2051	-1156
7076	-2568	-1051
6444	-3214	-893
5873	-3214	-678
5394	-4238	-430
4951	-4172	-195
4580	-4111	-232
4618	-3676	-734
5232	-3281	-1348
5969	-3286	-1348
6559	-3453	-2116
7202	-3431	-2433
7925	-3062	-2332
8520	-2365	-2223
8861	-1460	-1893
8999	-522	-1451
9025	287	-1003
8961	875	-625
8760	1236	-350
8441	1413	-184
8074	1455	-113
7681	1448	-114
7251	1478	-147
6812	1576	-170
6394	1740	-175
6050	1958	-144
5831	2158	-93
5722	2272	-62
5756	2287	-95
5949	2191	-256
6295	2029	-551
6821	1852	-896
7530	1786	-1158
8379	1933	-1197
9193	2260	-994
9636	2703	-624
9430	3183	-234
8651	3759	-65
7424	4467	-368
5797	4934	-696
4417	4725	-262
4221	3816	253
4993	3066	235
5373	3455	208
4908	4672	323
4211	5839	338
3650	6459	154
3298	6472	-89
3218	6224	-334
3303	5905	-576
3245	5453	-694
3165	4955	-597
3351	4478	-381
3677	4053	-226
4106	3748	-209
4794	3559	-318
5749	3376	-556
6857	3076	-899
8083	2703	-1246
9221	2265	-1513
9949	1822	-1652
10193	1497	-1639
10087	1320	-1527
9732	1267	-1379
9184	1235	-1208
8610	1234	-1046
8138	1285	-894
7826	1380	-725
7826	1563	-603
7570	1828	-603
7581	2124	-690
7864	2450	-790
7728	2777	-918
7966	2977	-1108
7966	2977	-1305
8740	2977	-1497
9129	2589	-1678
9437	2633	-1678
9646	2417	-2029
9834	2011	-2029
9935	1190	-2285
9769	77	-2244
9288	-1003	-2286
8566	-1958	-2401
7685	-2843	-2598
6713	-3625	-2706
5756	-4258	-2487
4951	-4713	-1464
4407	-4822	-1350
4230	-4417	-859
4580	-3773	-931
5274	-3485	-1552
5941	-3609	-2250
6594	-3744	-2783
7373	-3522	-3063
8271	-2836	-2971
9023	-1877	-2533
9342	-879	-1947
9265	-65	-1388
9043	517	-998
8851	924	-825
8617	1174	-801
8289	1290	-829
7917	1289	-858
7568	1261	-864
7247	1329	-800
6948	1511	-648
6692	1743	-462
6473	1960	-297
6322	2136	-219
6268	2206	-284
6359	2147	-510
6660	1997	-851
7196	1786	-1239
7993	1606	-1587
9132	1604	-1796
10606	1932	-1870
12021	2632	-1826
12667	3384	-1567
12298	3873	-1079
11102	4286	-608
9274	4962	-637
7128	5488	-789
5383	5135	-271
4913	4186	166
5349	3921	-105
5419	4928	-404
4752	6477	-404
3857	7357	-281
3239	6877	-185
3050	5761	-92
3104	5296	64
3098	5671	157
2795	6041	226
2520	5961	338
2727	5592	339
3191	5078	227
3705	4513	64
4392	4043	-152
5270	3738	-428
6256	3470	-750
6256	3175	-1077
8304	2793	-1367
9175	2270	-1543
9165	1733	-1556
9378	1312	-1425
9215	1312	-1216
8850	800	-1006
8335	943	-771
7729	906	-494
7131	1072	-271
6730	1481	-161
6624	1947	-161
6732	2310	-440
6943	2532	-345
7240	2692	-569
7601	2831	-832
7974	2874	-1059
8317	2796	-1218
8626	2604	-1348
8891	2330	-1413
9222	2101	-1430
9793	1974	-1459
10523	1793	-1616
11127	1371	-1920
11281	779	-2303
10931	52	-2699
10159	-908	-3052
9022	-1912	-3250
7707	-2623	-3062
6437	-2924	-2468
5339	-2977	-1687
4533	-3027	-1012
4242	-3195	-901
4513	-3635	-1419
5023	-4333	-2102
5505	-4922	-2585
5985	-5065	-2743
6504	-4625	-2567
7036	-3719	-2136
7532	-2644	-1618
7871	-1693	-1183
7954	-975	-919
7798	-423	-792
7548	51	-735
7321	488	-694
7078	879	-602
6811	1162	-463
6570	1310	-298
6385	1394	-121
6249	1507	8
6138	1690	73
6079	1936	75
6102	2155	19
6164	2350	-80
6302	2403	-207
6619	2225	-393
7116	2029	-622
7825	1892	-836
8830	1894	-1041
10076	2172	-1168
11103	2628	-1022
11364	3125	-636
10840	3609	-325
9859	3984	-265
8723	4278	-360
7524	4611	-488
6233	4990	-622
5047	5318	-470
4372	5356	-52
4319	5133	154
4386	5046	183
4386	5276	306
3362	5671	563
3297	6003	740
3185	6109	640
3142	5971	427
2930	5764	291
2930	5508	196
3064	4985	56
3364	5057	-148
3845	4536	-409
4611	4083	-671
5603	3662	-671
6689	3176	-1183
7796	2684	-1077
8745	2256	-1220
9246	1847	-1286
9232	1502	-1286
8864	1323	-1072
8304	1287	-959
7670	1278	-838
7076	1272	-695
6660	1323	-559
6441	1449	-445
6326	1636	-393
6257	1850	-411
6224	2074	-505
6279	2286	-655
6461	2450	-828
6760	2572	-1056
7190	2600	-1294
7730	2548	-1467
8402	2494	-1573
9263	2316	-1659
10162	1768	-1828
10690	801	-2044
10617	-260	-2129
10093	-1100	-2113
9354	-1757	-2249
8563	-2417	-2442
7726	-3089	-2402
6806	-3614	-2108
5858	-3914	-1648
4988	-4021	-1150
4376	-3951	-932
4253	-3870	-1210
4579	-3902	-1711
5151	-3870	-2149
5883	-3699	-2434
6660	-3444	-2449
7358	-2992	-2210
7922	-2268	-1851
8271	-1439	-1471
8331	-692	-1177
8144	-84	-1016
7845	372	-921
7568	719	-828
7299	1006	-679
6987	1213	-485
6668	1343	-280
6384	1459	-92
6115	1596	48
5849	1743	144
5608	1902	188
5410	1998	168
5302	1972	92
5316	1860	-46
5475	1690	-246
5810	1515	-495
6382	1432	-783
7215	1480	-1066
8274	1680	-1261
9432	2147	-1235
10254	2815	-911
10402	3460	-400
9933	3992	51
9044	4365	241
8020	4710	181
6708	5227	-109
6830	5227	-591
5356	6356	-532
3657	5734	19
2709	4198	218
3135	3503	359
3915	3487	761
4013	4011	980
3709	5634	824
3365	5851	521
3107	5874	9
3153	5455	-72
3443	4906	-150
3910	4371	-447
4610	3950	-673
5501	3698	-823
6526	3443	-946
7693	3053	-1081
8814	2523	-1212
9478	1837	-1268
9524	1171	-1221
9117	707	-1101
8454	500	-968
7688	514	-817
7003	640	-652
6536	816	-519
6240	1096	-433
6036	1469	-394
5934	1843	-390
5946	2209	-438
6075	2547	-559
6347	2773	-713
6764	2838	-903
7258	2740	-1127
7756	2571	-1324
8299	2369	-1518
8976	1943	-1782
9636	1142	-2148
9959	145	-2384
9792	-733	-2394
9312	-1382	-2316
8764	-1992	-2210
8196	-2631	-2115
7526	-3198	-1893
6757	-3668	-1497
5997	-3980	-1109
5280	-4104	-810
4769	-4028	-670
4852	-3918	-1016
5440	-4035	-1650
6016	-4235	-2077
6580	-4178	-2327
7281	-3793	-2450
7995	-3137	-2348
8528	-2270	-2032
8789	-1298	-1592
8836	-380	-1132
8718	347	-764
8495	838	-558
8212	1108	-506
7875	1192	-545
7518	1197	-592
7172	1236	-581
6854	1353	-507
6583	1557	-403
6318	1767	-298
6024	2096	-199
5723	2406	-118
5490	2355	-110
5451	2116	-208
5686	1890	-384
6167	1761	-582
6848	1782	-753
7678	1911	-872
8591	2097	-891
8591	2378	-746
9871	2702	-461
9551	3013	-196
9156	3453	-124
9088	4084	-272
8065	4738	-588
6646	5066	-514
5166	4810	-3
4165	3938	223
3996	4008	240
4340	3857	363
4473	4362	539
4209	5044	563
4004	5561	563
3963	5699	51
3749	5498	-191
3386	5161	-105
3204	4790	-172
3347	4410	-219
3751	4041	-266
4326	3694	-314
5060	3326	-391
5951	2892	-554
6947	2439	-779
7952	2045	-1031
8702	1638	-1243
9002	1278	-1333
8937	1072	-1276
8601	973	-1112
8095	948	-947
7558	955	-812
7127	1027	-697
6859	1222	-589
6714	1537	-497
6639	1923	-447
6631	2287	-462
6745	2542	-551
6955	2705	-671
7200	2823	-779
7514	2850	-876
7876	2740	-947
8272	2586	-1015
8726	2447	-1124
9225	2226	-1277
9673	1815	-1491
9915	1182	-1765
9818	388	-2021
9429	-500	-2178
8809	-1399	-2222
7931	-2145	-2180
6893	-2674	-2042
5836	-3025	-1725
4921	-3269	-1225
4244	-3417	-656
3839	-3420	-200
3832	-3308	-187
4236	-3268	-668
4760	-3342	-1250
5264	-3356	-1726
5873	-3237	-2049
6588	-2939	-2136
7292	-2400	-2041
7857	-1639	-1837
8205	-793	-1531
8313	-28	-1209
8238	557	-937
8098	959	-717
7927	1202	-569
7680	1323	-481
7404	1386	-424
7129	1438	-373
6855	1530	-299
6595	1669	-185
6349	1832	-53
6110	2000	67
5904	2136	149
5775	2207	162
5750	2186	70
5750	2065	-178
6262	1847	-565
6774	1589	-999
6812	1427	-1346
7528	1471	-1431
8394	1778	-1190
9260	1778	-714
9785	3058	-175
9721	3399	173
9160	3377	175
8250	3758	-44
7229	4084	-331
6306	4451	-331
5400	4915	-75
4579	5305	-180
4120	5367	-11
4039	5204	-19
3974	5063	-32
3702	5093	41
3431	5308	236
3454	5645	356
3534	5855	259
3273	5763	175
3101	5490	179
3356	5108	122
3752	4610	-41
4290	4104	-270
5092	3704	-524
6089	3343	-787
7238	2978	-1082
8473	2562	-1409
9447	2058	-1644
9881	1560	-1686
9831	1179	-1599
9436	971	-1452
8813	885	-1270
8073	865	-1100
7384	939	-961
6903	1164	-825
6671	1521	-704
6617	1899	-669
6676	2217	-715
6849	2459	-781
7065	2642	-851
7304	2777	-962
7615	2798	-1079
7947	2746	-1163
8314	2678	-1275
8797	2501	-1444
9363	2160	-1658
9851	1645	-1911
10105	1004	-2171
10084	395	-2336
9892	-91	-2387
9561	-553	-2388
8992	-1130	-2393
8172	-1940	-2327
7147	-3018	-2100
5923	-4025	-1806
4614	-4401	-1531
3575	-4089	-1167
3199	-3508	-895
3539	-3217	-1090
4178	-3436	-1512
4766	-3717	-1936
5393	-3739	-2347
6124	-3468	-2552
6863	-2889	-2488
7510	-2064	-2253
7969	-1091	-1983
8229	-151	-1678
8296	599	-1334
8173	1100	-1026
7984	1368	-759
7984	1502	-566
7472	1591	-467
7348	1655	-405
7382	1677	-316
7203	1713	-211
7065	1848	-129
6962	1848	-69
6876	2360	-26
6838	2664	-17
6933	2590	-54
7222	2556	-205
7691	2431	-467
8340	2276	-467
9182	2188	-723
10111	2324	-434
10778	2686	-500
10828	3157	75
10294	3740	88
9171	4607	73
7320	5629	-234
5343	6023	186
4480	5004	816
5096	3757	526
5916	3951	240
5762	5102	464
5018	6072	792
4315	6193	983
3768	5547	1070
3531	5046	1042
3610	5197	829
3578	5531	623
3236	5506	613
3072	5112	630
3324	4602	550
3831	4165	390
4553	3761	143
5480	3356	-170
6560	2979	-498
7741	2677	-861
8944	2422	-1191
9794	2082	-1377
9974	1681	-1407
9737	1313	-1338
9369	995	-1282
8865	696	-1211
8263	453	-1078
7701	405	-940
7248	627	-799
6957	1095	-697
6860	1702	-686
6932	2300	-715
7111	2801	-751
7369	3128	-767
7668	3233	-801
7976	3131	-877
8297	2846	-957
8604	2533	-1042
8891	2273	-1191
9165	1901	-1465
9373	1291	-1806
9431	483	-2078
9350	-346	-2198
9097	-1037	-2242
8644	-1562	-2282
7975	-1995	-2255
7067	-2448	-2131
6008	-2839	-1861
5019	-3059	-1385
4315	-3146	-726
3957	-3088	-46
3978	-2806	178
4271	-2476	-155
4527	-2304	-738
5104	-2207	-1392
5429	-2053	-1937
5390	-1780	-2200
6493	-1394	-2123
6532	-1394	-1835
6915	-370	-1466
7127	94	-1142
7241	59	-931
7265	532	-798
7188	971	-756
6994	1309	-756
6723	1482	-1012
6472	1498	-524
6278	1468	-704
6132	1467	-551
6040	1559	-366
6008	1795	-188
6022	2124	-62
6062	2469	-41
6131	2705	-161
6322	2683	-415
6727	2429	-749
7341	2159	-1117
8141	2011	-1458
9062	1988	-1661
9836	2088	-1584
10152	2365	-1189
9945	2840	-621
9283	3365	-85
8359	3827	194
7378	4188	145
6335	4468	-31
5240	4755	-46
4308	5088	274
3852	5225	584
3896	5084	543
4038	4964	420
4051	5045	523
4077	5276	655
3972	5370	665
3595	5231	749
3402	5028	817
3548	4796	720
3835	4468	508
4374	4143	201
5206	3887	-165
6188	3585	-495
7267	3198	-797
8427	2715	-1092
9332	2131	-1289
9646	1573	-1301
9459	1176	-1154
8976	968	-961
8291	864	-736
7494	816	-473
6781	871	-223
6238	1092	-27
5835	1476	105
5585	1931	165
5517	2392	124
5633	2785	-10
5914	3038	-209
6343	3086	-457
6864	2928	-686
7377	2696	-884
7841	2527	-1100
8309	2366	-1278
8845	2139	-1425
9399	1744	-1658
9399	969	-1971
9911	-61	-2080
9275	-903	-2008
9405	-1428	-1994
8810	-1764	-2056
8145	-2002	-2082
7428	-2002	-1866
6683	-2770	-1378
5969	-3210	-807
5277	-3194	-332
4586	-3552	-158
4103	-3584	-485
4142	-3530	-485
4600	-3652	-1509
5159	-3815	-1764
5818	-3831	-1759
6624	-3545	-1837
7457	-2850	-1729
8129	-1906	-1472
8530	-988	-1179
8642	-213	-915
8586	433	-688
8473	910	-544
8265	1202	-472
7982	1380	-430
7680	1467	-398
7375	1489	-343
7039	1525	-253
6682	1625	-150
6322	1775	-66
5970	1955	-11
5671	2110	13
5513	2135	-24
5560	2026	-134
5805	1879	-304
6246	1766	-512
6875	1707	-702
7639	1722	-813
8439	1858	-835
9085	2109	-730
9337	2394	-495
9142	2651	-227
8695	3005	-58
7933	3494	-70
6707	3954	-316
5319	4079	-444
4420	3602	18
4507	2790	419
5141	2471	314
5389	3067	164
5106	4071	105
4721	4830	90
4479	4977	104
4466	4715	41
4451	4525	-123
4082	4509	-146
3588	4513	46
3345	4427	268
3450	4187	378
3890	3827	321
4556	3433	137
5351	2995	-107
6239	2539	-401
7138	2121	-690
7961	1803	-927
8633	1615	-1067
8901	1452	-1048
8693	1306	-900
8219	1239	-699
7642	1200	-512
7095	1182	-327
6676	1271	-165
6390	1519	-74
6390	1929	-33
6134	2399	-43
6066	2796	-128
6086	2988	-262
6237	2935	-423
6473	2709	-610
6713	2709	-756
6899	2197	-834
7024	1898	-889
7118	2012	-931
7213	1921	-983
7399	1821	-1132
7709	1687	-1132
8079	1445	-1644
8399	1019	-1920
8619	522	-1797
8770	-1	-1900
8711	-604	-2034
8250	-1167	-2199
7511	-1745	-2266
6748	-2468	-2092
6031	-3073	-1717
5351	-3285	-1292
4748	-3167	-944
4360	-2968	-813
4425	-3013	-1098
4873	-3384	-1582
5322	-3770	-1891
5785	-3809	-2003
6445	-3323	-1997
7134	-2437	-1902
7613	-1470	-1698
7856	-632	-1417
8009	10	-1168
8163	460	-994
8248	805	-821
8231	1128	-620
8118	1370	-423
7898	1455	-249
7620	1446	-107
7324	1445	-1
6990	1516	84
6633	1652	164
6291	1778	218
6017	1849	217
5905	1854	161
5976	1771	38
6183	1624	-198
6534	1469	-524
7036	1410	-869
7616	1539	-1095
8228	1849	-1055
8773	2322	-779
9029	2834	-382
8882	3225	-21
8426	3522	125
7673	3766	9
6719	3964	-196
5895	4052	-281
5341	4081	-172
4948	4155	-50
4675	4297	-62
4523	4516	-108
4337	4699	-87
4064	4731	32
3925	4728	166
4018	4939	150
3937	5241	76
3529	5408	123
3300	5345	205
3412	5010	202
3701	4539	115
3701	4105	-42
4981	3751	-281
6015	3408	-544
5960	3009	-807
7059	2600	-1076
8207	2218	-1283
9182	2218	-1373
9675	1450	-1310
9640	1210	-1150
9288	1247	-1014
8806	1106	-893
8215	1002	-761
7550	964	-761
6972	1078	-627
6595	1371	-286
6403	1760	-509
6342	2148	-537
6391	2458	-644
6538	2626	-808
6735	2696	-808
6941	2672	-914
7102	2558	-1029
7187	2470	-1103
7242	2403	-1096
7346	2273	-1065
7572	2105	-1125
7990	1973	-1314
8675	1702	-1687
9446	1115	-2095
9961	369	-2412
9964	-534	-2684
9292	-1582	-2892
8144	-2422	-2977
6946	-2970	-2730
5946	-3271	-2135
5258	-3293	-1444
4989	-3085	-987
5136	-2902	-1075
5338	-3025	-1479
5377	-3344	-1817
5613	-3547	-1981
6237	-3413	-1976
6956	-2940	-1889
7517	-2302	-1762
7861	-1663	-1628
7973	-1074	-1470
7909	-545	-1291
7802	-62	-1123
7693	358	-983
7538	674	-836
7368	907	-664
7174	1094	-513
6934	1229	-388
6662	1313	-282
6388	1380	-212
6137	1502	-194
5936	1670	-223
5831	1793	-273
5869	1840	-342
6064	1828	-478
6419	1824	-666
6928	1878	-833
7539	2016	-918
8230	2262	-885
8952	2560	-747
9554	2812	-503
9850	3007	-199
9746	3211	45
9328	3475	115
8628	3790	21
7676	4208	-164
6618	4734	-386
5588	5101	-139
5588	4998	400
4820	4679	498
5108	4634	411
5015	4860	458
4929	5119	616
4553	5296	763
4215	5552	690
4140	5440	498
4045	5547	451
3668	5548	505
3372	5376	511
3413	5032	511
3684	4603	511
4155	4164	26
4853	3710	81
5741	3213	-462
6731	2714	-462
7690	2299	-680
8489	2046	-834
8901	1835	-899
8831	1648	-860
8524	1558	-713
8173	1531	-514
7813	1538	-346
7474	1581	-238
7158	1698	-214
6901	1924	-206
6757	2228	-213
6751	2472	-261
6906	2591	-374
7138	2580	-526
7395	2504	-667
7711	2429	-809
8059	2327	-963
8381	2174	-1147
8681	1978	-1315
8936	1730	-1454
9086	1377	-1609
9108	887	-1762
8955	275	-1843
8690	-373	-1810
8378	-965	-1675
7875	-1401	-1507
7155	-1784	-1293
6369	-2394	-1035
5572	-3202	-771
4776	-3863	-528
4033	-4119	-314
3470	-3997	-127
3353	-3742	-169
3876	-3714	-571
4734	-3952	-1075
5558	-4188	-1462
6431	-4213	-1750
7469	-3863	-1985
8567	-3111	-2168
9428	-2126	-2191
9882	-1151	-2022
10057	-335	-1741
10131	304	-1439
10150	842	-1210
9985	1319	-1088
9594	1651	-1034
9103	1817	-1002
8661	1887	-963
8311	1927	-905
8016	1944	-848
7713	1944	-822
7354	1929	-859
6996	1861	-977
6745	1752	-1163
6745	1666	-1331
6745	1686	-1424
6745	1808	-1453
6898	1986	-1375
7074	2209	-1167
7074	2490	-851
7180	2490	-516
7413	3258	-435
7708	3489	-721
7799	3483	-1183
7574	3520	-1567
7194	3549	-1545
6816	3600	-1545
6475	3675	-777
6184	4113	-710
5810	4227	-710
5241	4852	-555
4622	5545	-540
4073	5991	-662
3639	6066	-767
3530	5974	-788
3733	5821	-722
3811	5569	-494
3700	5280	-187
3692	4907	8
3888	4396	50
4337	3799	17
5025	3222	-25
5889	2776	-46
6960	2428	-40
8203	2162	-16
9380	2001	33
10145	1895	163
10466	1923	409
10599	2168	721
10681	2601	978
10716	3065	1078
10666	3315	1022
10479	3262	957
10041	3093	1086
9553	2895	1051
9146	2667	923
8776	2517	919
8534	2344	805
8369	2084	692
8275	1820	594
8204	1595	468
8048	1355	331
7723	987	192
7232	498	100
6704	30	86
6226	-439	6
5738	-1076	-192
5171	-1834	-472
4595	-2570	-820
4078	-3220	-1131
3638	-3687	-1315
3329	-3870	-1318
3155	-3764	-1084
3103	-3385	-694
3176	-2845	-410
3384	-2406	-386
3770	-2155	-603
4409	-1955	-1085
5241	-1708	-1656
6149	-1470	-2003
7125	-1344	-2166
8209	-1204	-2298
9455	-817	-2444
10790	-125	-2567
11863	644	-2505
12375	1184	-2271
12343	1401	-1989
12302	1438	-1725
12056	1438	-1549
11744	1863	-1484
11270	2119	-1540
10622	2118	-1691
9911	2514	-1797
9197	2327	-1738
8542	2369	-1559
8016	2502	-1559
7603	2766	-1303
7194	3039	-1341
6772	3165	-1311
6470	3115	-1284
6321	2898	-1302
6225	2515	-1369
6101	2256	-1438
5972	2394	-1455
5953	2807	-1324
6058	3256	-1118
6163	3638	-1029
6177	3880	-1149
6036	3956	-1460
5723	3820	-1838
5334	3450	-2233
4960	2923	-2581
4631	2390	-2784
4382	2126	-2785
4233	2407	-2575
4093	3211	-2240
3721	4221	-1910
3005	4983	-1695
2075	5150	-1672
1241	4712	-1680
1002	4025	-1615
1508	3528	-1627
2234	3429	-1782
2782	3574	-1885
3273	3596	-1757
3886	3275	-1447
4696	2682	-1112
5689	2096	-822
6796	1714	-590
7991	1646	-415
9152	1841	-215
10119	2144	21
10878	2483	321
11418	2823	690
11640	3188	1036
11536	3489	1280
11171	3537	1468
10527	3369	1694
9655	3206	1972
8796	3122	2257
8107	3012	2473
7568	2782	2578
7133	2467	2579
6793	2178	2450
6573	1927	2261
6458	1708	2067
6372	1541	1864
6243	1357	1679
6045	1087	1526
5775	723	1403
5519	245	1299
4955	-353	1199
5116	-996	1053
4713	-1554	841
4306	-2010	563
3943	-2522	211
3616	-2678	-218
3339	-2801	-622
3152	-3090	-892
3092	-3075	-956
3188	-2621	-956
3439	-1907	-444
3845	-1209	-87
4416	-664	-133
5111	-333	-412
5789	-327	-1046
6375	-708	-1686
6986	-1183	-2216
7821	-1249	-2593
8936	-772	-2813
10191	36	-2949
11284	786	-3000
11969	1259	-2865
12165	1492	-2517
11878	1580	-2056
11287	1718	-1640
10562	1975	-1388
9710	2178	-1313
8762	2184	-1319
7791	2054	-1270
6882	1872	-1129
6109	1708	-947
5510	1657	-792
5104	1716	-739
4904	1797	-840
4899	1839	-1093
5053	1853	-1407
5387	1908	-1644
5884	2068	-1729
6559	2277	-1635
7449	2508	-1445
8403	2748	-1303
8867	2914	-1220
8466	2980	-1133
7559	3051	-1095
6521	3208	-1160
5488	3382	-1279
4648	3471	-1447
4121	3373	-1607
3947	3083	-1549
4058	2962	-1289
4208	3225	-1003
4187	3644	-766
3964	3993	-631
3544	4096	-550
2972	3990	-396
2545	3907	-155
2522	3916	76
2646	3938	281
2847	3963	396
3346	3965	342
4077	3819	200
4933	3457	53
5846	2923	-53
6786	2256	-85
7790	1574	-69
7790	1016	-8
9326	769	98
9635	969	241
9713	1420	430
9933	1936	668
10214	2553	879
10488	3321	1073
10569	3416	1319
10406	3553	1516
10012	3703	1598
9522	3671	1567
9105	3534	1311
8833	3318	1159
8660	2953	918
8484	2461	910
8268	1991	688
8006	1563	565
7700	1126	537
7338	654	539
6850	174	546
6212	-290	579
5515	-725	614
4881	-1145	610
4382	-1554	538
4033	-1955	380
3828	-2333	73
3700	-2680	-403
3604	-3052	-854
3599	-3270	-1087
3743	-3161	-1013
4011	-2798	-632
4300	-2358	-62
4581	-1929	473
4963	-1496	566
5473	-1175	30
5986	-1112	-784
6519	-1289	-1501
7245	-1457	-2035
8231	-1280	-2348
9399	-657	-2444
10580	246	-2433
11508	1102	-2425
12030	1661	-2397
12219	1847	-2255
12143	1807	-2013
11858	1810	-1750
11435	1948	-1499
10911	2155	-1335
10306	2382	-1330
9623	2609	-1397
8892	2775	-1431
8195	2811	-1384
7634	2693	-1291
7225	2504	-1201
6911	2363	-1220
6634	2315	-1360
6358	2328	-1428
6083	2442	-1359
5800	2712	-1198
5397	3165	-1101
4723	3622	-1236
4026	3452	-1042
3999	2608	-514
4845	1917	-406
5821	2120	-792
6189	3224	-1306
5876	4512	-1651
5317	5145	-1824
5061	4774	-1930
4383	3975	-2030
4306	3547	-1974
4199	3691	-1625
3965	4091	-1161
3972	4091	-815
4041	4859	-612
3991	4668	-426
3778	4817	-167
3497	4810	86
3420	4598	292
3487	4224	292
3438	3868	548
3616	3621	636
4295	3338	527
5224	2925	271
6248	2502	56
7307	2244	-30
8350	2133	-21
9428	2053	7
10368	1964	32
10923	1935	55
11254	2089	100
11444	2377	157
11402	2648	209
11107	2806	284
10562	2847	389
9878	2774	473
9184	2628	523
8572	2514	526
8068	2454	459
7711	2408	344
7520	2320	199
7413	2152	19
7327	1915	-152
7239	1597	-253
7140	1210	-274
7017	765	-255
6820	306	-240
6532	-176	-247
6144	-769	-334
5627	-1377	-494
5135	-1857	-755
4946	-2391	-1123
5033	-3076	-1445
5172	-3599	-1599
5268	-3688	-1500
5384	-3338	-1193
5561	-2749	-811
5720	-2119	-433
5837	-1605	-301
5965	-1321	-629
6069	-1280	-1163
6178	-1339	-1580
6525	-1274	-1826
7163	-983	-1929
7920	-497	-1937
8666	72	-1886
9279	624	-1784
9699	1114	-1684
9953	1491	-1619
10070	1707	-1541
10081	1812	-1391
9972	1862	-1192
9724	1885	-1032
9382	1895	-950
8966	1910	-920
8474	1994	-903
7954	2154	-885
7499	2293	-887
7499	2337	-905
6987	2273	-946
6675	2124	-1084
6787	2124	-1274
6740	1756	-1379
6862	1756	-1298
7212	2268	-1052
7691	2792	-748
8061	2747	-513
8074	2966	-499
7669	2916	-699
7034	2807	-699
6377	2825	-1211
5786	2933	-791
5351	3041	-1001
5201	3197	-904
5300	3513	-861
5269	4086	-870
4841	4805	-874
4240	5368	-843
3749	5555	-775
3455	5362	-625
3414	5049	-383
3610	4875	-158
3682	4779	85
3472	4636	339
3317	4421	456
3406	4124	393
3715	3782	209
4269	3438	-25
5045	3055	-295
5959	2600	-559
6931	2126	-766
7868	1712	-927
8691	1400	-968
9189	1200	-809
9265	1209	-515
9084	1398	-215
8794	1597	-15
8469	1808	96
8180	2131	197
7992	2561	280
7934	2997	292
7979	3301	242
8072	3425	173
8205	3445	80
8369	3341	-66
8515	3062	-212
8613	2699	-326
8713	2365	-462
8824	2083	-617
8896	1806	-738
8944	1531	-819
9037	1304	-892
9173	1118	-976
9240	860	-1134
9128	251	-1365
8805	-783	-1552
8124	-1807	-1753
7058	-2440	-1975
5952	-2779	-1970
5159	-3086	-1680
4731	-3485	-1256
4470	-3822	-851
4359	-3834	-662
4591	-3659	-936
5074	-3658	-1517
5563	-3791	-1972
6120	-3762	-2211
6887	-3383	-2308
7780	-2624	-2260
8555	-1631	-2083
8999	-626	-1805
8999	214	-1448
9402	845	-1144
9225	1312	-945
9336	1628	-781
9369	1811	-636
9242	1867	-521
8959	1867	-441
8599	1546	-384
8247	1681	-324
7892	1587	-269
7563	1706	-185
7354	2061	-185
7234	2385	-185
7162	2523	-391
7200	2481	-279
7384	2280	-615
7680	1951	-1104
8110	1702	-1515
8774	1788	-1654
9511	2290	-1470
9876	2970	-1024
9607	3556	-551
8655	3887	-369
7239	3857	-542
5855	3397	-655
5002	2717	-480
5012	2301	-367
5518	2506	-426
5737	3429	-463
5375	4729	-437
4645	5851	-375
3863	6352	-283
3239	6208	-181
2910	5796	-49
3013	5573	82
3361	5686	127
3338	5842	240
3112	5722	422
3272	5274	451
3655	4619	322
4142	3994	73
4881	3601	-279
5881	3361	-682
6990	3062	-1054
8157	2718	-1327
9219	2345	-1458
9975	1973	-1476
10410	1673	-1404
10509	1381	-1252
10298	1147	-1095
9862	1055	-951
9328	1124	-818
8789	1347	-665
8335	1681	-509
8057	2016	-429
8003	2215	-475
8087	2279	-624
8244	2310	-791
8463	2351	-961
8725	2366	-1126
9002	2290	-1239
9275	2137	-1330
9511	1971	-1423
9656	1730	-1505
9721	1346	-1584
9743	859	-1688
9762	286	-1771
9693	-335	-1823
9332	-950	-1898
9332	-1631	-1944
7796	-2476	-1886
6782	-3301	-1677
6859	-3856	-1298
5925	-4065	-843
5148	-3944	-450
4621	-3688	-169
4348	-3392	-134
4420	-3113	-530
4952	-3262	-1094
5614	-3365	-1485
6091	-3456	-1485
6554	-3290	-1997
7132	-2803	-1546
7656	-2043	-1744
7975	-1171	-1551
8152	-343	-1307
8334	368	-1105
8516	925	-966
8614	1339	-853
8618	1633	-780
8530	1802	-749
8392	1857	-747
8259	1854	-749
8128	1854	-712
7993	1884	-645
7877	1968	-585
7816	2087	-577
7860	2178	-640
8024	2215	-747
8280	2210	-879
8608	2197	-1056
8953	2210	-1279
9233	2251	-1442
9396	2402	-1411
9389	2737	-1176
9121	3178	-790
8578	3667	-461
7704	4034	-413
6555	3967	-580
5622	3496	-578
5375	3030	-499
5633	2965	-627
5857	3338	-740
5870	4013	-737
5657	4823	-771
5054	5502	-978
4144	5985	-1264
3330	6319	-1417
2914	6306	-1246
2978	5897	-788
3379	5520	-383
3519	5443	-134
3214	5460	98
3139	5289	235
3443	4889	183
3787	4416	-16
4241	4005	-294
4974	3657	-564
5987	3310	-765
7114	2891	-938
8239	2469	-1076
9182	2083	-1101
9725	1704	-1027
9936	1442	-923
9930	1323	-801
9788	1274	-656
9564	1256	-533
9337	1313	-459
9190	1490	-430
9190	1768	-411
9446	2158	-441
9622	2493	-558
9694	2636	-696
10002	2633	-812
10211	2508	-884
10327	2508	-934
10357	1996	-1014
10314	1773	-1159
10166	1759	-1340
9872	1479	-1524
9493	1163	-1689
9101	782	-1689
8727	277	-1945
8382	-466	-1810
7973	-1231	-1837
7411	-1680	-1968
6778	-1955	-1997
6167	-2424	-1823
5566	-3235	-1510
4916	-4104	-1183
4268	-4628	-915
3789	-4689	-654
3677	-4451	-486
4117	-4145	-670
4942	-3970	-1123
5769	-3900	-1510
6536	-3725	-1778
7339	-3288	-1926
8130	-2520	-1926
8789	-1512	-1780
9263	-484	-1502
9586	405	-1194
9819	1083	-935
10001	1538	-744
10140	1869	-670
10198	2076	-691
10101	2093	-715
9888	2016	-689
9648	1937	-602
9423	1881	-503
9197	1892	-420
8977	2019	-356
8824	2225	-343
8721	2382	-404
8587	2392	-608
8412	2200	-978
8244	1916	-1369
8130	1810	-1567
8081	2048	-1450
7991	2515	-1082
7759	2946	-663
7389	3124	-446
6964	2960	-559
6607	2625	-850
6381	2417	-1160
6221	2456	-1419
6014	2644	-1593
5694	2770	-1659
5331	2734	-1592
5020	2713	-1433
4787	2928	-1249
4550	3448	-1157
4187	4174	-1235
3670	4917	-1385
3091	5469	-1461
2613	5680	-1426
2372	5606	-1153
2537	5432	-764
3050	5226	-559
3258	5055	-534
3144	4978	-580
3144	4851	-575
3656	4492	-504
3850	3964	-449
3913	3496	-453
4382	3142	-520
5070	2791	-629
6018	2791	-741
7238	2023	-800
8745	2016	-829
10312	1628	-877
11549	1291	-1043
12432	1185	-1299
13109	1338	-1610
13641	1678	-1592
14020	2371	-1532
14239	2516	-1532
14327	2778	-1426
14342	2835	-1360
14271	2673	-1355
13969	2377	-1457
13343	2029	-1647
12473	1589	-1844
11479	1059	-1949
10394	569	-1888
9322	259	-1626
8478	191	-1305
7874	242	-1090
7310	215	-993
6629	31	-966
5846	-228	-981
5074	-425	-989
4426	-476	-978
3971	-394	-975
3772	-308	-1031
3811	-354	-1180
3910	-559	-1304
3878	-834	-1266
3649	-1103	-1106
3298	-1305	-893
2913	-1417	-667
2542	-1503	-514
2247	-1598	-443
2043	-1732	-428
1871	-1886	-467
1727	-1990	-535
1630	-2033	-565
1581	-1997	-525
1575	-1830	-411
1670	-1514	-227
2002	-1039	-119
2571	-416	-168
3265	263	-332
4076	953	-636
5007	1682	-980
6025	2400	-1203
7108	3108	-1235
8116	3949	-1066
8972	5163	-771
9843	6503	-336
10699	7541	142
11099	8266	513
10933	8701	740
10597	8904	757
10219	8882	585
9632	8515	339
8826	7862	119
7934	7187	-43
7047	6676	-71
6169	6358	37
5306	6166	195
4518	5977	348
3835	5661	462
3241	5208	526
2732	4711	552
2330	4298	560
1818	3997	582
1741	3757	653
1683	3757	756
1412	3326	826
1233	3139	819
1133	3139	753
1084	2883	677
1078	2564	620
1131	2633	620
1263	2408	575
1409	2408	574
1536	2340	574
1689	2221	574
1846	2060	631
1993	1923	736
2159	1823	864
2352	1754	942
2585	1721	902
2821	1708	726
2995	1680	491
3128	1661	286
3270	1703	150
3418	1786	73
3566	1856	34
3723	1885	11
3867	1888	-16
3982	1898	-42
4095	1917	-60
4236	1919	-69
4382	1903	-73
4474	1889	-74
4455	1871	-63
4331	1854	-52
4172	1856	-79
4007	1873	-166
3825	1877	-259
3680	1874	-318
3609	1872	-363
3545	1873	-398
3481	1881	-423
3458	1917	-437
3492	1979	-439
3547	2048	-430
3585	2118	-429
3602	2199	-434
3581	2274	-442
3540	2316	-475
3496	2345	-534
3418	2389	-586
3333	2489	-601
3277	2619	-575
3252	2742	-521
3228	2878	-465
3197	3049	-410
3172	3239	-349
3148	3401	-298
3132	3539	-261
3124	3654	-212
3118	3705	-154
3112	3675	-105
3085	3614	-67
3044	3560	-30
3011	3528	3
2976	3540	19
2938	3599	18
2911	3689	-3
2876	3804	-61
2838	3933	-145
2832	4099	-227
2847	4311	-289
2847	4555	-350
2872	4774	-434
2903	4774	-499
2928	4942	-510
2941	4942	-499
2932	4942	-482
2881	4613	-448
2776	4825	-414
2663	4815	-396
2567	4815	-378
2461	4752	-378
2318	4619	-357
2154	4524	-351
1991	4487	-358
1836	4466	-368
1715	4463	-380
1629	4446	-383
1516	4354	-369
1364	4179	-314
1211	3944	-237
1074	3723	-198
960	3580	-212
850	3447	-245
724	3344	-277
606	3335	-300
499	3353	-272
395	3287	-182
318	3116	-76
265	2881	-7
211	2727	0
155	2768	-38
112	2883	-66
83	2987	-88
66	3095	-122
57	3215	-152
44	3332	-180
19	3428	-189
-4	3550	-181
-11	3693	-179
-33	3757	-186
-119	3733	-227
-229	3715	-298
-307	3747	-363
-360	3784	-409
-393	3792	-471
-415	3810	-555
-442	3825	-620
-510	3809	-670
-616	3784	-709
-722	3766	-729
-816	3752	-736
-880	3746	-748
-909	3765	-775
-927	3797	-804
-922	3830	-808
-907	3858	-797
-906	3890	-773
-923	3948	-761
-958	3986	-788
-992	3974	-844
-1016	3944	-891
-1012	3829	-900
-984	3740	-912
-1020	3813	-925
-1092	3890	-918
-1085	3860	-918
-1051	3810	-922
-1036	3789	-916
-1017	3763	-907
-1004	3721	-907
-1004	3705	-912
-998	3747	-910
-1005	3801	-903
-1031	3821	-901
-1068	3828	-903
-1092	3828	-898
-1068	4084	-885
-1029	3896	-928
-1011	3868	-930
-986	3869	-879
-945	3985	-879
-932	4102	-879
-934	4168	-835
-935	4173	-826
-958	4134	-851
-980	4069	-875
-986	3985	-890
-988	3904	-913
-994	3846	-947
-999	3808	-986
-1006	3804	-1039
-1027	3839	-1080
-1054	3869	-1083
-1071	3880	-1068
-1100	3879	-1041
-1142	3865	-1003
-1166	3840	-977
-1176	3806	-969
-1171	3767	-962
-1157	3767	-945
-1164	3839	-931
-1156	3835	-944
-1097	3783	-964
-1063	3830	-963
-1103	3892	-971
-1159	3885	-1023
-1183	3837	-1080
-1185	3815	-1095
-1196	3839	-1085
-1173	3875	-1077
-1113	3896	-1073
-1077	3906	-1052
-1060	3912	-1021
-1042	3907	-1007
-1020	3898	-1011
-1003	3890	-997
-999	3910	-1006
-1007	3928	-1004
-1007	3912	-964
-994	3912	-946
-984	3911	-936
-978	3905	-927
-973	3928	-923
-968	3963	-924
-968	3996	-921
-971	4051	-910
-972	4082	-894
-973	4044	-880
