3045	1475	2336
3044	1496	2369
3015	1493	2402
2959	1482	2416
2937	1466	2420
2930	1448	2412
2932	1430	2424
2946	1419	2406
2976	1430	2417
3021	1420	2452
3050	1384	2461
3079	1400	2473
3078	1395	2431
3078	1402	2446
3053	1482	2530
3012	1463	2610
3029	1415	2641
3049	1382	2631
3050	1325	2602
3050	1317	2584
3045	1335	2563
3047	1325	2552
3065	1322	2545
3070	1320	2515
3075	1318	2486
3077	1305	2447
3078	1304	2439
3071	1331	2422
3062	1316	2424
3072	1304	2412
3078	1254	2420
3079	1256	2457
3068	1304	2497
3067	1321	2537
3061	1289	2527
3062	1238	2490
3061	1210	2434
3062	1197	2425
3069	1229	2409
3066	1232	2413
3069	1255	2410
3072	1270	2419
3080	1271	2436
3085	1255	2448
3094	1231	2461
3089	1224	2465
3085	1236	2487
3081	1263	2478
3083	1244	2484
3085	1205	2471
3084	1151	2465
3089	1110	2438
3086	1070	2433
3091	1095	2428
3092	1110	2419
3094	1111	2413
3095	1129	2386
3099	1128	2382
3099	1116	2379
3101	1135	2404
3105	1176	2419
3108	1182	2450
3114	1195	2447
3112	1160	2442
3111	1134	2416
3111	1112	2384
3116	1113	2373
3115	1125	2364
3116	1142	2383
3110	1155	2376
3109	1134	2389
3115	1117	2389
3117	1089	2412
3118	1107	2430
3117	1090	2459
3123	1088	2454
3128	1071	2440
3128	1067	2435
3128	1068	2408
3126	1050	2417
3126	1070	2387
3120	1070	2364
3121	1085	2330
3125	1077	2327
3127	1097	2327
3133	1097	2347
3135	1126	2365
3133	1171	2390
3123	1186	2427
3116	1184	2428
3108	1176	2439
3105	1152	2439
3100	1162	2439
3092	1154	2425
3078	1201	2407
3069	1224	2413
3082	1237	2412
3092	1242	2421
3104	1237	2423
3109	1207	2407
3112	1178	2403
3111	1193	2394
3111	1219	2413
3104	1252	2398
3096	1273	2422
3089	1310	2424
3085	1288	2440
3093	1271	2423
3093	1222	2403
3101	1197	2404
3104	1201	2394
3109	1195	2400
3115	1229	2380
3116	1233	2383
3108	1233	2354
3106	1228	2354
3112	1246	2337
3112	1231	2360
3111	1260	2379
3102	1284	2396
3103	1298	2421
3103	1292	2413
3104	1249	2412
3108	1235	2373
3111	1219	2374
3114	1234	2355
3113	1233	2362
3112	1261	2354
3110	1266	2364
3114	1282	2363
3113	1278	2357
3115	1285	2366
3115	1300	2347
3118	1285	2361
3119	1306	2347
3116	1293	2360
3115	1318	2350
3111	1312	2366
3111	1305	2374
3108	1296	2380
3107	1289	2374
3104	1271	2358
3105	1253	2353
3108	1258	2319
3114	1236	2326
3121	1273	2311
3127	1292	2333
3129	1329	2330
3124	1332	2326
3121	1314	2315
3119	1281	2298
3123	1255	2300
3122	1262	2298
3120	1264	2326
3114	1287	2336
3112	1289	2363
3107	1295	2356
3106	1271	2360
3110	1254	2336
3114	1233	2329
3122	1254	2323
3124	1284	2314
3129	1303	2322
3127	1327	2307
3127	1334	2318
3127	1343	2312
3117	1314	2321
3113	1289	2310
3119	1289	2320
3123	1257	2313
3120	1265	2333
3116	1288	2344
3120	1288	2335
3121	1288	2333
3121	1295	2293
3118	1032	2287
3124	1257	2287
3129	1250	2260
3134	1245	2259
3138	1279	2296
3135	1298	2552
3132	1331	2326
3129	1333	2358
3128	1335	2365
3121	1308	2349
3122	1276	2355
3121	1255	2330
3119	1219	2342
3120	1223	2321
3124	1211	2330
3130	1255	2317
3130	1268	2313
3132	1280	2307
3132	1286	2290
3137	1275	2290
3135	1271	2277
3133	1253	2294
3133	1269	2297
3135	1250	2325
3134	1269	2311
3134	1264	2322
3137	1259	2312
3137	1243	2305
3145	1224	2303
3153	1220	2275
3159	1218	2284
3153	1269	2269
3145	1283	2283
3141	1306	2271
3143	1264	2275
3146	1232	2265
3148	1198	2276
3152	1189	2279
3148	1209	2285
3156	1214	2315
3158	1240	2306
3159	1235	2318
3154	1233	2299
3154	1191	2295
3159	1179	2264
3162	1149	2256
3163	1147	2243
3159	1149	2242
3165	1157	2254
3163	1191	2262
3161	1196	2288
3158	1211	2284
3159	1191	2314
3159	1194	2302
3157	1165	2311
3152	1158	2287
3151	1151	2293
3166	1160	2296
3167	1177	2275
3163	1171	2277
3154	1175	2274
3155	1182	2302
3154	1198	2298
3161	1172	2318
3162	1177	2298
3167	1165	2307
3174	1185	2278
3174	1172	2269
3173	1174	2272
3154	1186	2265
3154	1176	2292
3154	1181	2281
3159	1166	2303
3160	1189	2301
3164	1169	2319
3167	1182	2290
3161	1166	2288
3158	1186	2271
3157	1192	2268
3157	1200	2280
3157	1210	2270
3169	1195	2294
3172	1214	2284
3163	1194	2306
3159	1202	2295
3157	1171	2316
3164	1171	2306
3168	1171	2319
3158	1191	2315
3158	1202	2303
3154	1200	2303
3161	1189	2274
3161	1207	2279
3162	1188	2279
3158	1204	2282
3168	1178	2282
3169	1203	2269
3166	1194	2299
3169	1208	2309
3164	1208	2321
3164	1202	2320
3157	1191	2305
3154	1168	2303
3150	1187	2290
3158	1171	2307
3158	1192	2285
3160	1182	2311
3161	1217	2295
3165	1220	2306
3172	1224	2283
3175	1197	2261
3183	1179	2254
3172	1184	2247
3167	1176	2277
3160	1195	2297
3162	1193	2335
3157	1215	2323
3154	1199	2332
3152	1202	2303
3161	1176	2303
3171	1186	2284
3171	1183	2276
3173	1191	2272
3164	1196	2258
3176	1193	2279
3177	1221	2260
3174	1206	2278
3163	1213	2275
3159	1181	2304
3162	1195	2295
3162	1161	2302
3162	1165	2289
3158	1171	2295
3165	1191	2310
3159	1226	2298
3166	1220	2316
3169	1233	2284
3176	1199	2289
3175	1218	2260
3170	1189	2256
3169	1204	2246
3166	1188	2255
3166	1187	2254
3161	1183	2269
3167	1173	2292
3163	1193	2287
3169	1179	2312
3165	1199	2288
3164	1178	2304
3162	1213	2289
3161	1205	2294
3163	1215	2282
3164	1204	2282
3172	1194	2277
3170	1193	2272
3172	1173	2284
3169	1180	2276
3173	1164	2293
3170	1184	2278
3167	1167	2291
3162	1172	2280
3166	1166	2296
3174	1184	2285
3179	1180	2297
3181	1169	2298
3179	1146	2268
3187	1126	2254
3189	1144	2246
3204	1183	2296
3230	1255	2342
3230	1313	2383
3230	1363	2373
3296	1325	2351
3303	1275	2263
3288	1159	2186
3262	1044	2137
3260	921	2125
3265	822	2156
3278	822	2241
3263	822	2355
3242	822	2409
3229	860	2420
3239	851	2341
3273	847	2224
3306	798	2075
3294	722	2011
3235	593	2011
3183	471	2267
3155	380	2143
3147	330	2236
3156	305	2285
3175	250	2302
3199	216	2243
3236	232	2229
3262	391	2223
3285	558	2247
3299	678	2247
3332	698	2217
3368	656	2196
3371	609	2193
3356	541	2206
3325	507	2193
3300	472	2198
3296	534	2199
3332	651	2241
3352	780	2270
3340	824	2302
3323	787	2301
3328	720	2279
3317	639	2273
3296	600	2309
3284	633	2396
3267	647	2414
3285	659	2364
3317	767	2279
3371	824	2224
3381	850	2177
3337	883	2187
3300	883	2212
3259	753	2235
3211	628	2241
3170	705	2194
3176	821	2134
3222	859	2083
3279	969	2073
3290	1100	2065
3245	1122	2067
3192	1151	2038
3156	1145	1996
3157	1124	1985
3181	1151	2005
3198	1227	2043
3186	1320	2085
3174	1342	2146
3184	1291	2179
3231	1143	2184
3266	1051	2166
3242	1035	2197
3188	1119	2234
3133	1255	2286
3115	1328	2329
3132	1305	2339
3199	1169	2310
3254	1122	2229
3262	1199	2168
3223	1354	2125
3148	1490	2208
3136	1494	2278
3174	1457	2270
3174	1395	2210
3126	1309	2163
3024	1337	2160
2863	1322	2255
2731	1287	2529
2786	1331	2734
2979	1330	2668
3103	1401	2338
3189	1436	1992
3217	1499	1765
3186	1664	1704
3169	1853	1834
3169	2112	2157
3169	2359	2500
3169	2397	2727
2851	2255	2801
3013	2094	2893
2940	1871	3062
2968	1741	3115
2999	1655	3090
2984	1528	2838
2988	1528	2492
3050	1272	2154
3120	1202	1885
3139	781	1781
3153	854	1798
3156	720	1879
3250	473	1924
3388	341	1960
3484	477	1960
3542	791	1704
3504	967	1526
3390	1017	1520
3269	956	1299
3286	812	1287
3404	739	1419
3508	661	1505
3594	630	1507
3529	709	1435
3380	936	1377
3284	1070	1418
3285	1187	1490
3547	1156	1718
3681	1350	1877
3529	1966	1962
3381	2253	1952
3250	2354	1951
3084	2498	2259
2934	2684	2682
2799	2700	2976
2835	2524	3024
3004	2395	2865
3093	2259	2633
3101	2219	2326
2960	2228	1902
2841	2139	1590
2764	2016	1429
2739	1910	1422
2843	1753	1453
3008	1380	1503
3214	1019	1558
3404	881	1599
3402	932	1659
3207	1126	1755
2990	1178	1981
2800	1202	2218
2706	1296	2414
2679	1403	2384
2829	1398	2194
3101	1613	2136
3071	2210	2074
2906	2365	1840
3012	2257	1961
3049	2372	2601
2814	2692	3109
2624	2787	3117
2638	2597	2896
2731	2363	2855
2720	2105	2940
2771	1986	2965
2809	1939	2815
2841	1882	2628
2900	1774	2438
2824	1635	2235
2809	1370	2003
2935	1008	1706
3161	828	1508
3304	866	1388
3262	995	1437
3075	1216	1632
2974	1364	1977
2981	1408	2340
2964	1441	2516
3016	1322	2505
3067	1189	2372
3092	1104	2263
3066	1150	2183
3021	1179	2201
3108	1162	2172
3321	1420	2153
3293	2061	2266
2881	2881	2293
2445	3327	2118
2445	3457	2158
1933	3320	2571
2283	2842	2918
2263	2286	3074
2677	1901	3091
2986	1806	3045
3152	1806	2849
3072	2420	2427
2803	2676	1878
2579	2355	1571
2583	2466	1571
2703	2149	1734
2776	1766	1820
2953	1119	1820
3278	531	2076
3503	419	2109
3397	671	2110
3069	909	2067
2821	977	2014
2841	1049	2036
2979	1208	2117
2980	1406	2214
2921	1571	2271
3021	1528	2156
3236	1522	2089
3087	2017	1986
2676	2369	1800
2655	2327	1847
2909	2337	2335
2908	2397	2759
2754	2329	2805
2680	2106	2874
2619	1996	3011
2547	1980	3067
2612	1968	2951
2748	1846	2786
2849	1728	2602
2910	1651	2433
2858	1607	2307
2858	1525	2110
3016	1249	1898
3224	1083	1755
3304	1042	1706
3197	1087	1742
3101	1200	1898
3102	1244	2164
3109	1333	2407
3093	1302	2484
2929	1149	2380
2724	958	2237
2819	738	2218
3068	921	2370
3017	1692	2503
2781	2573	2449
2675	3047	2304
2596	3266	2376
2485	3339	2506
2520	3055	2524
2738	2548	2653
2939	2138	2875
2959	1951	3025
2694	2000	2867
2361	2133	2542
2284	2125	2295
2465	1863	2275
2691	1494	2324
2891	1083	2215
3075	646	2020
3240	558	1863
3361	688	1859
3262	816	1876
3070	937	1844
3025	947	1775
3016	1008	1796
2919	1268	2016
2805	1500	2320
2808	1517	2402
2897	1600	2339
2804	2007	2343
2555	2156	2292
2531	2053	2421
2682	2198	2852
2643	2498	3103
2553	2523	2965
2669	2331	2882
2772	2240	2989
2690	2221	3089
2630	2239	3151
2595	2116	3084
2595	1917	2930
2600	1710	2710
2634	1532	2561
2600	1406	2436
2546	1210	2192
2617	1028	1950
2895	1028	1745
3138	1028	1654
3183	1435	1672
3078	1345	1823
3019	1429	2055
3015	1452	2301
3015	1427	2301
3082	1303	2557
3108	1180	2103
3013	1106	2270
2889	1112	2164
2941	1111	2193
3098	1299	2193
3007	1977	2348
2694	2769	2425
2427	3178	2452
2267	3286	2650
2173	3241	2933
2263	2953	3093
2516	2530	3153
2674	2208	3200
2659	2074	3250
2582	2133	3201
2476	2277	2964
2416	2282	2628
2358	2117	2303
2247	1822	2052
2269	1340	1801
2600	761	1732
3123	553	1819
3396	666	1853
3258	876	1876
2977	1140	1821
2851	1263	1802
2841	1414	1842
2750	1551	1807
2747	1573	1765
2927	1812	2072
2877	2328	2407
2683	2485	2447
2744	2254	2608
2791	2246	3036
2586	2424	3251
2420	2382	2975
2474	2250	2847
2514	2165	2972
2511	2139	3056
2672	2070	3028
2768	1886	2917
2814	1693	2819
2853	1523	2721
2756	1478	2643
2649	1395	2445
2726	1154	2234
2936	1031	2045
3064	1094	1910
3037	1168	1899
2955	1238	1953
2938	1216	2122
2907	1242	2301
2888	1290	2445
2873	1320	2506
2891	1273	2536
2926	1132	2555
2905	1111	2547
2810	1166	2450
2808	1300	2296
2958	1476	2326
2928	1956	2457
2585	2650	2412
2328	2967	2190
2331	2965	2239
2341	2931	2568
2340	2903	2806
2488	2829	2880
2719	2631	3021
2805	2417	3238
2685	2463	3310
2508	2596	3198
2366	2510	2908
2365	2315	2579
2418	2057	2283
2418	1698	2122
2418	1331	2019
2807	951	1955
3244	720	1950
3093	787	1850
3374	1010	1709
3373	1175	1621
3124	1163	1699
2961	1163	1889
2991	1207	2120
2991	1207	2245
2950	1171	2315
2867	1175	2301
2778	1216	2044
2860	1189	1957
3150	1060	1957
3086	1756	1957
2575	2572	1911
2311	2583	2792
2420	2489	2797
2478	2442	2797
2524	2271	3462
2685	1984	3220
2758	1873	3272
2590	1948	3322
2473	2041	3118
2618	1984	2839
2760	1863	2573
2846	1791	2418
2753	1726	2317
2677	1586	2172
2819	1243	1951
3016	1060	1780
3141	1094	1780
3056	1189	1835
2873	1353	1982
2762	1438	2160
2793	1390	2435
2880	1304	2634
2952	1261	2662
2930	1311	2531
2800	1370	2276
2735	1349	2132
2855	1255	2168
2922	1498	2335
2640	2231	2483
2308	2763	2573
2223	2885	2638
2135	3015	2936
2021	3095	3324
2094	2940	3463
2330	2657	3488
2491	2453	3481
2474	2452	3385
2373	2508	3117
2331	2435	2812
2406	2331	2563
2480	2202	2389
2487	1984	2253
2453	1616	2133
2490	1119	2084
2706	733	2105
2988	637	2114
3091	756	2023
2940	870	1966
2788	975	1961
2832	1133	1999
2821	1304	2048
2696	1368	2147
2716	1320	2253
2887	1198	2276
3064	1248	2363
2926	1788	2381
2537	2277	2284
2360	2329	2361
2417	2374	2811
2451	2564	3236
2433	2475	3265
2571	2142	3181
2646	2004	3172
2509	2011	3153
2474	2099	3062
2538	2095	2911
2694	1977	2712
2858	1815	2582
2844	1686	2483
2718	1589	2392
2603	1359	2318
2704	1067	2183
2954	834	2081
3127	890	2063
3099	1067	2091
2949	1175	2116
2922	1244	2162
2944	1262	2293
2944	1286	2460
2944	1195	2533
2890	1156	2480
2907	1122	2408
2911	1063	2342
2951	1061	2293
3040	1214	2277
3119	1214	2273
2986	2494	2231
2634	2656	2226
2392	2704	2427
2399	2688	2645
2485	2664	2683
2601	2603	2733
2766	2464	2912
2791	2345	2912
2674	2299	3168
2584	2341	2878
2470	2338	2744
2401	2237	2796
2457	2042	2669
2560	1855	2565
2592	1688	2400
2610	1406	2167
2807	1032	2032
3063	894	1965
3178	1006	1906
3051	1117	1850
2886	1186	1855
2907	1144	1867
2909	1080	1892
2815	1155	1981
2779	1281	1900
2962	1350	1852
3043	1820	2200
2711	2471	2526
2421	2481	2545
2566	2158	2907
2644	2067	3415
2537	2305	3255
2633	2284	2734
2862	2074	2559
2948	2030	2703
2854	2034	2803
2890	2028	2883
2896	1926	2861
2846	1839	2757
2768	1700	2672
2642	1532	2554
2679	1262	2338
2846	995	2048
3058	1009	1875
3133	1133	1790
3100	1247	1830
3051	1290	1933
3011	1354	2069
2972	1386	2261
2941	1348	2418
2961	1257	2509
2970	1146	2454
2991	1098	2416
2950	1096	2332
2900	1171	2168
2973	1263	2057
3140	1555	2156
3112	2242	2425
2720	3019	2486
2334	3302	2356
2170	3126	2379
2205	2841	2733
2461	2584	3146
2736	2354	3326
2890	2194	3296
2882	2168	3240
2744	2244	3171
2584	2361	2889
2474	2385	2375
2461	2264	1957
2490	1983	1807
2613	1604	1776
2833	1161	1793
3070	758	1771
3353	565	1740
3509	672	1715
3353	969	1725
3033	1162	1738
2838	1129	1746
2838	1076	1826
2880	1172	2005
2934	1313	2219
2954	1425	2181
3099	1333	2058
3214	1501	2036
3214	2046	1972
2446	2369	1944
2525	2457	2351
2707	2448	3012
2564	2484	3289
2640	2375	3091
2630	2262	2920
2665	2262	2956
2633	2262	2933
2532	2184	2939
2619	1899	2898
2711	2014	2825
2827	1893	2675
2879	1786	2481
2795	1710	2301
2726	1531	2301
2782	1272	2045
2979	1055	1590
3106	1093	1766
3072	1233	1803
2949	1343	1846
2893	1397	2012
2876	1379	2278
2900	1396	2528
2971	1324	2603
2978	1281	2477
2936	1227	2336
2937	1192	2173
3021	1243	2105
3113	1425	2210
3016	1908	2373
2661	2594	2325
2335	2997	2131
2197	3029	2249
2145	3035	2728
2253	2887	3032
2571	2700	3066
2828	2530	3132
2849	2475	3180
2717	2512	3099
2488	2515	2835
2321	2493	2520
2367	2338	2309
2466	2068	2207
2517	1732	2095
2591	1330	1983
2780	954	1977
3037	774	2007
3241	803	2025
3219	989	1917
3103	1166	1820
3056	1192	1808
2980	1156	1853
2847	1209	1930
2696	1344	2026
2653	1368	2137
2805	1222	2232
2982	1498	2411
2783	2220	2476
2442	2651	2424
2355	2618	2484
2398	2537	2859
2407	2610	3124
2417	2483	3037
2573	2321	3001
2614	2329	3022
2570	2322	2958
2708	2221	2803
2825	2059	2700
2910	1938	2669
2903	1823	2679
2756	1762	2646
2576	1604	2571
2499	1335	2440
2668	1057	2202
2950	862	1999
3106	1010	1888
3086	1217	1888
3014	1251	1919
2991	1205	1987
2937	1200	2170
2876	1232	2389
2891	1190	2491
2851	1096	2479
2849	986	2480
2900	937	2462
2948	903	2374
3102	962	2203
3228	1328	2125
3228	2069	2186
2716	2823	2191
2380	3140	2137
2406	3147	2331
2351	3147	2683
2312	2827	2831
2379	2487	2897
2598	2487	3002
2714	1975	3154
2748	2026	3242
2751	2284	3172
2629	2084	2882
2484	2160	2540
2404	2140	2293
2417	1990	2145
2483	1716	2145
2600	1329	1889
2822	975	1963
3110	788	1974
3250	874	1946
3109	1000	1922
2864	1102	1939
2790	1110	1988
2823	1082	2038
2767	1170	2079
2752	1303	2007
2958	1351	1911
3104	1653	2045
2802	2378	2176
2415	2669	2204
2366	2553	2451
2392	2520	3081
2418	2476	3485
2575	2268	3391
2762	2065	3287
2759	2006	3296
2604	2016	3251
2554	2052	3173
2534	1998	3061
2591	1905	2838
2694	1741	2618
2665	1538	2381
2659	1290	2119
2791	1024	1833
2965	960	1666
3091	1116	1717
3030	1321	1799
2922	1445	1916
2852	1452	2086
2817	1432	2388
2847	1376	2652
2889	1269	2687
2905	1157	2538
2844	1051	2336
2834	1005	2237
2938	1016	2224
3036	1332	2326
2826	2105	2460
2454	2858	2492
2292	3141	2366
2270	3185	2414
2202	3216	2714
2243	3062	2975
2516	2731	3108
2728	2425	3208
2761	2281	3326
2697	2283	3343
2558	2255	3255
2399	2165	2985
2341	2073	2606
2375	1973	2214
2421	1729	1924
2492	1359	1782
2701	956	1802
3070	670	1922
3326	712	1931
3312	936	1802
3123	1068	1683
2962	1066	1739
2900	1050	1894
2832	1027	2063
2732	1186	2095
2790	1376	2005
2995	1492	2018
2989	1956	2184
2684	2379	2297
2479	2492	2440
2575	2410	2886
2605	2427	3279
2541	2462	3209
2637	2252	2986
2770	2082	3028
2701	1988	3015
2701	1996	2894
2698	2006	2830
2765	1984	2792
2759	1873	2760
2579	1684	2691
2809	1469	2630
2707	1469	2447
2649	957	2219
2763	608	2011
2958	972	1938
3055	895	1939
3063	1179	1916
3021	1293	1973
3011	1238	2093
3002	1194	2093
2983	1201	2349
2959	1187	2361
2973	1092	2409
3007	956	2420
3013	917	2377
3048	945	2253
3217	992	2147
3304	1379	2266
2992	2241	2365
2546	2955	2202
2299	3097	2090
2267	2924	2433
2386	2790	2843
2649	2617	2951
2932	2370	2893
3041	2223	2936
2974	2228	3074
2805	2264	3044
2626	2249	2755
2509	2128	2405
2469	1937	2210
2444	1735	2101
2498	1395	2067
2676	999	2059
2992	714	2108
3272	681	2134
3312	858	2091
3122	1106	2002
2952	1251	1947
2958	1168	1959
2923	1129	1966
2853	1174	2012
2839	1231	1952
3011	1178	1864
3175	1416	2020
2898	2129	2233
2411	2490	2227
2382	2342	2481
2570	2129	3154
2565	2239	3526
2564	2278	3241
2667	2090	2980
2685	2014	3085
2503	2047	3115
2558	2075	3035
2699	1961	2907
2738	1873	2812
2807	1841	2740
2704	1814	2653
2583	1737	2504
2564	1450	2276
2740	1123	2062
2986	1055	1928
3072	1192	1952
2991	1335	1983
2880	1400	2012
2800	1384	2109
2732	1382	2322
2788	1388	2566
2854	1370	2695
2861	1314	2718
2840	1266	2600
2871	1240	2419
2980	1267	2277
3041	1520	2279
2865	2020	2338
2515	2627	2215
2263	2910	2004
2164	2988	2185
2141	3025	2657
2259	3001	2889
2516	2906	2967
2640	2768	3071
2595	2666	3190
2442	2645	3156
2301	2639	3008
2316	2507	2768
2408	2323	2523
2492	2121	2370
2549	1918	2225
2566	1684	2097
2547	1385	2032
2652	1041	2066
2652	779	2116
3164	762	2102
3157	924	1938
3181	1025	1788
3073	1040	1785
2955	1023	1885
2828	1023	2000
2755	1317	2111
2693	1317	2153
2669	1317	2108
2840	1337	2177
3055	1893	2218
2963	1998	2104
2626	2511	2121
2469	2606	2600
2457	2670	2600
2427	2741	3112
2468	2611	2866
2639	2402	3029
2702	2298	3093
2636	2159	3168
2655	2042	3165
2667	1980	3160
2700	1921	3093
2728	1856	2947
2635	1797	2718
2519	1643	2450
2564	1315	2214
2801	985	1991
3060	910	1864
3145	1094	1766
3115	1270	1719
3078	1334	1711
3000	1371	1827
2894	1390	2119
2858	1395	2425
2924	1344	2578
2947	1250	2524
2932	1165	2433
2868	1127	2321
2781	1124	2227
2769	1172	2150
2912	1273	2131
3000	1697	2265
2754	2459	2419
2494	2982	2383
2474	3114	2337
2463	3109	2588
2349	3151	2891
2398	3029	3045
2659	2713	3144
2813	2452	3294
2753	2331	3356
2626	2275	3218
2471	2206	2903
2352	2107	2540
2332	1984	2262
2350	1784	2002
2458	1428	1789
2693	941	1704
3077	615	1793
3405	672	1857
3467	912	1807
3252	1175	1664
2976	1276	1613
2840	1179	1783
2809	1080	2042
2772	1040	2226
2678	1080	2305
2669	1122	2259
2897	1092	2181
3097	1506	2285
2830	2284	2222
2446	2741	1997
2331	2868	2160
2339	2880	2848
2436	2710	3395
2644	2253	3408
2898	1928	3365
2873	1907	3424
2583	2045	3353
2390	2212	3106
2394	2168	2858
2633	1984	2641
2810	1817	2487
2811	1675	2366
2772	1444	2240
2760	1120	2130
2760	876	1981
3016	887	1906
3026	1125	1895
3030	1316	1938
2903	1348	1970
2847	1336	2105
2822	1379	2373
2805	1379	2569
2783	1379	2682
2758	1404	2679
2743	1374	2624
2793	1366	2498
2813	1398	2320
2820	1312	2320
3000	1228	2064
3138	1484	2416
2979	2167	2330
2583	2953	2291
2240	3375	2234
1977	3419	2383
1835	3276	2668
2011	3065	2937
2389	2767	3458
2651	2519	3354
2725	2394	3377
2692	2373	3352
2544	2419	3256
2396	2409	2999
2360	2339	2635
2297	2210	2305
2177	1980	2042
2159	1660	1861
2325	1270	1779
2725	851	1872
3176	637	1986
3403	705	1989
3299	901	1886
3092	1090	1843
3021	1244	1841
2955	1298	1849
2847	1359	1936
2709	1467	2104
2601	1456	2266
2739	1306	2263
3098	1275	2313
3075	1891	2354
2642	2675	2274
2280	2979	2238
2055	3011	2504
2106	2941	2892
2434	2640	3061
2820	2213	3135
3013	1985	3227
2943	1905	3284
2773	1964	3273
2627	2073	3261
2587	2083	3103
2622	1930	2847
2620	1716	2563
2592	1451	2307
2651	1192	2086
2820	999	1868
3047	901	1737
3180	1041	1685
3179	1233	1684
3116	1334	1669
3046	1324	1761
2944	1305	1974
2927	1253	2292
3030	1145	2471
3084	1034	2432
3092	936	2364
3015	941	2259
2925	1007	2166
3011	1036	2167
3141	1313	2340
2935	2051	2447
2545	2755	2350
2392	2983	2237
2412	2933	2407
2411	2922	2660
2509	2858	2716
2790	2687	2765
2927	2518	2954
2916	2471	3174
2916	2451	3179
2660	2302	2935
2750	2103	2529
2642	1866	2213
2621	1641	2032
2560	1445	1942
2474	1184	1875
2484	928	1892
2690	567	1987
3107	610	2025
3432	693	1959
3431	1003	1821
3215	1353	1782
3074	1353	1782
3005	1299	2038
2940	1217	2272
2899	1141	2089
2828	1112	1878
2856	1102	1965
3165	1013	1879
3243	1514	2090
2805	2361	2160
2518	2601	2409
2535	2608	2478
2479	2716	3019
2472	2733	3169
2611	2355	3014
2776	2027	3092
2727	1955	3337
2556	1929	3324
2523	1943	3186
2523	1931	3043
2632	1920	2836
2690	1895	2622
2623	1793	2394
2657	1471	2194
2759	1101	1932
2994	940	1734
3174	1050	1686
3124	1325	1759
2991	1503	1841
2883	1576	1898
2760	1547	2173
2634	1474	2614
2645	1389	2961
2722	1334	2977
2783	1262	2823
2812	1229	2619
2846	1261	2409
2964	1354	2198
3049	1685	2080
2876	2220	2144
2545	2788	2148
2317	3069	2085
2239	3079	2258
2176	3010	2632
2166	2846	2790
2340	2745	2845
2500	2650	3033
2506	2530	3253
2447	2566	3329
2359	2635	3253
2303	2580	3055
2347	2420	2791
2433	2251	2523
2461	2084	2225
2431	1861	1980
2417	1523	1886
2565	1096	1953
2907	773	2069
3233	712	2105
3322	875	1995
3124	1080	1826
2903	1236	1793
2767	1295	1847
2702	1301	1935
2684	1389	2033
2667	1453	2096
2759	1426	2094
2958	1477	2118
2943	1946	2200
2532	2537	2222
2203	2826	2216
2139	2882	2470
2127	2823	3008
2127	2572	3320
2813	2245	3327
2920	2146	3288
2847	2209	3268
2692	2357	3175
2486	2398	3078
2340	2292	3004
2632	2092	2878
2647	1836	2721
2814	1627	2581
2749	1776	2516
2576	1583	2516
2493	1339	2102
2638	1117	1871
2891	997	1871
3048	1099	1615
3108	1182	1626
3076	1223	1703
2983	1254	1959
2834	1329	2008
2789	1388	2367
2862	1359	2506
2874	1298	2493
2809	1267	2453
2742	1263	2418
2811	1254	2393
2999	1327	2408
3074	1666	2514
2820	2330	2539
2473	2880	2395
2331	3046	2184
2225	3039	2359
2116	3007	2754
2304	2852	2939
2681	2593	2953
2854	2389	3009
2798	2392	3070
2666	2534	2997
2498	2552	2824
2405	2446	2588
2434	2257	2370
2479	2002	2186
2535	1707	2085
2565	1392	2031
2661	1132	2052
2903	957	2077
3164	906	2049
3243	1034	1937
3115	1232	1789
3012	1329	1749
2949	1352	1832
2899	1356	1984
2846	1358	2088
2796	1265	2139
2902	1160	2102
3064	1390	2164
2868	2101	2188
2432	2698	2034
2299	2805	2078
2447	2735	2614
2678	2736	3114
2813	2677	3024
2795	2631	2865
2697	2626	2941
2571	2532	2938
2542	2495	2763
2594	2336	2715
2744	2100	2734
2898	1971	2729
2932	1896	2633
2894	1795	2466
2808	1565	2315
2783	1272	2098
2906	1032	1866
3043	974	1706
3090	1120	1686
3059	1208	1674
3064	1170	1726
3111	1101	1868
3092	1110	2034
3024	1138	2166
2942	1081	2271
2930	1030	2381
2951	1014	2392
2967	1048	2375
2878	1067	2313
2856	1039	2201
3075	1060	2104
3235	1406	2179
3092	2080	2281
2758	2764	2215
2511	3057	2183
2410	3020	2435
2433	2969	2828
2572	2830	2995
2803	2596	3089
2803	2380	3198
2803	2265	3266
2803	2292	3167
2673	2260	2880
2598	2260	2460
2512	2035	2102
2449	1850	1917
2482	1850	1790
2566	1082	1684
2729	950	1647
2989	605	1757
3336	631	1862
3545	711	1831
3439	973	1683
3173	1215	1658
2991	1228	1658
2949	1157	1914
2954	1164	2201
2988	1244	1802
2992	1289	1985
3108	1244	1875
3215	1491	2228
3029	2089	2100
2658	2488	2126
2461	2541	2401
2469	2470	2935
2541	2486	3228
2673	2362	3065
2817	2167	2923
2834	2099	2990
2730	2103	3005
2728	2172	2908
2716	2212	2784
2778	2208	2698
2817	2082	2562
2770	1900	2449
2730	1683	2356
2705	1369	2257
2774	1112	2107
2901	992	1985
3020	1094	1946
3032	1339	1909
3012	1387	1903
3023	1339	1923
3023	1277	2070
2980	1263	2275
2982	1254	2422
3022	1237	2374
3011	1230	2226
2990	1176	2155
3065	1154	2162
3164	1321	2245
3066	1797	2372
2814	2331	2417
2637	2623	2304
2567	2658	2295
2482	2700	2506
2393	2690	2757
2476	2651	2903
2660	2543	3014
2812	2396	3103
2894	2405	3113
2793	2435	3021
2529	2444	2818
2307	2389	2574
2253	2231	2351
2323	2016	2159
2443	1786	1973
2569	1476	1912
2721	1108	1975
2993	778	2040
3319	660	2003
3432	799	1880
3216	1094	1727
2920	1339	1677
2776	1326	1780
2706	1229	1944
2733	1237	2095
2880	1179	2078
3114	1083	2047
3192	1512	2206
2896	2262	2280
2533	2569	2116
2469	2517	2287
2506	2454	2860
2479	2389	3046
2628	2212	2759
2890	2059	2686
2936	1969	2910
2805	2004	2953
2743	2090	2898
2716	2075	2843
2792	2038	2784
2822	1973	2683
2716	1899	2550
2647	1711	2428
2647	1405	2268
2647	1126	2148
2991	1025	2011
2907	1168	1974
3013	1332	1941
2967	1371	1885
2900	1314	1899
2854	1321	2090
2739	1321	2433
2692	1321	2693
2762	1448	2747
2868	1416	2577
2890	1374	2415
2928	1279	2278
3036	1213	2278
3163	1351	2534
3125	1862	2346
2807	2599	2336
2420	3133	2229
2153	3237	2178
2085	2991	2328
2268	2726	2643
2600	2534	2952
2875	2385	3052
2981	2331	3031
2922	2393	2998
2724	2455	2995
2472	2468	2831
2289	2426	2515
2260	2258	2260
2346	1931	2113
2523	1580	2078
2706	1318	2127
2853	1112	2177
3013	964	2111
3209	934	1982
3276	1109	1852
3112	1308	1779
2932	1398	1730
2895	1370	1787
2922	1319	1903
2887	1285	2009
2824	1297	2064
2825	1261	2053
3013	1294	2156
3064	1871	2279
2744	2503	2243
2443	2742	2160
2349	2752	2479
2382	2700	2949
2590	2511	3023
2881	2220	2836
3000	2117	2820
2874	2131	2869
2727	2265	2772
2660	2335	2700
2687	2221	2592
2856	1988	2514
2909	1765	2421
2834	1645	2357
2726	1511	2290
2662	1279	2196
2757	1060	2062
2934	1036	1950
3059	1208	1921
3040	1325	1835
2991	1314	1818
2946	1290	1912
2922	1281	2181
2938	1369	2391
2973	1427	2464
3022	1405	2434
2997	1347	2311
3004	1289	2214
3114	1292	2121
3180	1522	2137
3004	2042	2225
2694	2633	2238
2500	2957	2142
2467	2946	2228
2456	2951	2466
2448	2921	2683
2626	2749	2822
2846	2561	2946
2925	2401	3053
2896	2336	2984
2780	2340	2804
2582	2327	2551
2417	2269	2327
2378	2178	2170
2484	1990	2074
2641	1711	1919
2799	1375	1842
2987	1102	1858
2987	951	1885
2987	1007	1874
3499	1173	1748
3166	1296	1620
3261	1374	1580
3090	1277	1728
2998	1179	1899
2981	1157	2039
2991	1157	2063
3001	1157	1963
3024	1105	1979
3108	1222	2137
3026	1896	2113
2690	2602	1991
2453	2871	1991
2490	2792	1991
2549	2774	2759
2554	2642	2543
2658	2399	2459
2782	2317	2555
2782	2254	2875
2828	2228	2922
2928	2149	2808
2999	2029	2729
3058	1961	2713
2941	1984	2622
2810	2033	2504
2732	1866	2334
2727	1480	2194
2834	1130	2041
2972	918	1949
3070	1038	1910
3067	1252	1797
3079	1254	1708
3071	1234	1738
3044	1266	1964
2999	1371	2193
3003	1405	2361
3059	1384	2377
3089	1330	2298
3087	1261	2159
3042	1181	2009
3068	1120	1958
3158	1309	1985
3092	1864	2106
2866	2617	2173
2594	3123	2185
2308	3310	2295
2161	3161	2604
2385	2748	2915
2813	2373	3106
3075	2182	3157
3140	2129	3048
3093	2199	2875
2897	2300	2691
2689	2287	2450
2617	2159	2192
2593	1964	2011
2634	1673	1859
2800	1272	1784
2971	961	1774
3139	751	1774
3368	637	1773
3518	714	1747
3460	923	1634
3258	1108	1498
3143	1168	1497
3117	1134	1586
3101	1067	1729
3057	1087	1886
3013	1113	2059
2983	1028	2022
3137	979	1935
3284	1451	2034
3004	2325	2043
2636	2830	1997
2481	2893	2213
2420	2810	2699
2494	2712	2964
2668	2449	2875
2822	2255	2859
2779	2178	3041
2659	2110	3040
2655	2088	2796
2666	2076	2532
2817	2059	2441
2936	1970	2390
2915	1929	2283
2842	1768	2230
2794	1497	2166
2894	1240	2093
3042	1114	1919
3108	1251	1805
3038	1439	1763
2959	1455	1746
2972	1405	1809
2972	1451	1977
2972	1508	2307
2574	1496	2601
3019	1462	2702
2847	1462	2579
2935	1433	2396
2939	1396	2178
2966	1353	2003
3103	1353	2014
3220	2121	2103
3041	2990	2099
2630	3182	2086
2313	3198	2086
2206	3070	2825
2247	2947	2969
2460	2769	2856
2787	2543	2856
2993	2391	2856
2947	2383	2618
2760	2528	2529
2567	2655	2555
2437	2605	2271
2440	2385	2090
2491	2124	2039
2589	1858	1993
2707	1509	1899
2828	1164	1884
3023	887	1917
3298	732	1961
3399	866	1921
3234	1112	1776
3087	1310	1620
3017	1346	1635
2998	1320	1775
2968	1374	1858
2972	1343	1825
3062	1250	1729
3143	1542	1906
2930	2225	2096
2550	2656	2062
2482	2733	2179
2589	2703	2780
2601	2695	3238
2580	2521	3011
2663	2264	2755
2782	2135	2892
2742	2116	3015
2668	2228	2872
2744	2181	2731
2898	2025	2596
2996	1945	2474
2967	1892	2337
2882	1756	2193
2801	1498	2052
2828	1229	1861
2994	1031	1731
3076	1112	1646
3087	1311	1655
3012	1371	1654
2942	1378	1762
2879	1398	2018
2859	1448	2399
2931	1460	2674
2973	1482	2676
3002	1407	2589
3009	1251	2417
3074	1135	2233
3219	1177	2057
3330	1535	2045
3099	2228	2018
2672	2941	1885
2397	3215	1836
2342	3188	2082
2461	2997	2336
2725	2785	2335
3026	2543	2421
3184	2366	2603
3154	2414	2658
2977	2617	2454
2687	2750	2150
2393	2705	1864
2299	2510	1796
2459	2179	1853
2737	1721	1892
2994	1263	1932
3168	933	1972
3331	730	2010
3452	795	1946
3446	1044	1798
3314	1330	1553
3165	1480	1419
3126	1453	1448
3141	1301	1614
3155	1200	1775
3136	1214	1880
3136	1291	1971
2880	1325	1958
3325	1342	2053
3191	1834	2290
3144	2434	2265
2466	2668	1982
2466	2669	2110
2573	2768	2530
2667	2768	2531
2580	3024	2097
2535	2564	2054
2717	2071	2507
2949	2197	2695
3046	2046	2603
3041	2079	2569
2996	2091	2569
2974	2137	2569
2809	2188	2327
2697	2100	2159
2774	1764	2229
2885	1374	2048
3068	1131	1871
3173	1201	1770
3152	1450	1755
3047	1599	1672
2977	1593	1700
2884	1534	1951
2840	1488	2405
2941	1496	2686
3013	1521	2670
3048	1454	2505
3069	1300	2254
3194	1202	1967
3331	1379	1740
3258	1928	1683
2907	2689	1580
2603	3164	1485
2559	3114	1625
2585	2974	2139
2628	2856	2652
2814	2626	2829
2968	2372	2848
2954	2284	2849
2869	2260	2826
2711	2262	2612
2608	2214	2330
2615	2059	2179
2668	1937	2161
2792	1761	2095
2957	1405	1972
3105	1042	1820
3297	800	1696
3480	753	1586
3460	948	1470
3286	1195	1360
3165	1331	1276
3134	1278	1463
3133	1218	1760
3134	1184	1948
3152	1194	2037
3110	1172	2026
3132	1134	1802
3275	1269	1642
3176	1987	1727
2777	2731	1760
2580	2762	1799
2699	2570	2172
2791	2626	2729
2767	2742	2755
2745	2652	2420
2867	2450	2481
2937	2276	2810
2906	2237	2913
2860	2193	2843
2855	2067	2763
2940	2001	2595
2895	1957	2388
2813	1892	2155
2821	1684	1997
2896	1426	1831
3058	1262	1648
3193	1255	1526
3203	1381	1455
3148	1419	1450
3111	1383	1514
3045	1334	1808
2980	1411	2220
2974	1500	2564
3027	1535	2608
3082	1517	2428
3104	1455	2269
3065	1415	2153
3094	1374	2003
3094	1393	1880
3350	1782	1842
3138	2553	1784
3036	3210	1765
2938	3364	1815
2514	3103	2076
2361	2673	2544
2631	2339	2877
2984	2339	2793
3119	2083	2507
3150	2138	2405
3098	2458	2410
2860	2408	2325
2650	2561	2126
2598	2393	1979
2653	2061	1979
2790	1660	1979
2935	1235	1931
3080	942	1919
3260	718	1819
3505	625	1616
3646	765	1305
3547	1083	1305
3309	1385	1190
3157	1376	1185
3121	1176	1344
3167	1011	1624
3206	1059	1875
3175	1165	1974
3215	1167	1857
3305	1282	1883
3104	1881	1959
2730	2361	1854
2714	2325	1954
2806	2342	2473
2715	2538	2935
2722	2545	2807
2870	2302	2557
2995	2134	2553
2989	2000	2596
2981	1972	2470
2985	1947	2413
3024	1867	2482
3073	1825	2541
2972	1789	2516
2869	1718	2368
2846	1465	2158
2970	1175	1873
3154	1064	1694
3204	1199	1614
3093	1384	1638
2929	1419	1718
2855	1360	1941
2833	1267	2363
2876	1306	2694
2973	1400	2766
3036	1446	2629
3066	1421	2430
3094	1381	2147
3232	1432	1866
3403	1672	1709
3308	2250	1678
2911	2882	1629
2605	3081	1607
2619	2835	1870
2678	2702	2391
2691	2671	2825
2817	2578	2921
2915	2500	2952
2865	2444	3021
2743	2503	2961
2600	2538	2662
2474	2440	2279
2477	2282	2087
2575	2104	2074
2722	1881	2054
2880	1570	1960
2976	1202	1908
3094	948	1899
3274	843	1906
3365	941	1813
3261	1142	1647
3136	1287	1502
3097	1363	1492
3097	1320	1642
3046	1335	1766
3029	1335	1874
3059	1270	1819
3195	1295	1807
3271	1816	2002
2983	2458	2041
2657	2666	1864
2569	2695	1950
2587	2793	2369
2587	2927	2559
2578	2795	2443
2730	2586	2506
2942	2376	2853
2993	2307	2936
2993	2343	2793
2993	2293	2602
2918	2244	2407
2978	2195	2247
2962	2090	2098
2866	1866	1967
2816	1560	1849
2808	1283	1735
2922	1283	1618
3065	1027	1638
3126	1507	1613
3100	1340	1610
3061	1351	1756
3072	1351	2009
3086	1424	2186
3116	1523	2186
3108	1607	2186
3109	1559	1831
3117	1491	2044
3160	1453	2003
3252	1473	1908
3328	1698	1912
3229	2121	1794
2999	2647	1794
2795	2881	1604
2668	2912	1763
2656	2856	2185
2847	2719	2407
3159	2545	2504
3264	2449	2489
3186	2437	2377
3003	2505	2185
2779	2552	2018
2677	2462	1928
2684	2214	1963
2798	1912	2040
2971	1563	2054
3082	1172	1990
3124	886	1924
3227	737	1846
3366	804	1696
3379	1010	1518
3230	1205	1303
3113	1247	1257
3124	1178	1405
3153	1127	1638
3212	1172	1801
3250	1209	1889
3257	1151	1876
3304	1160	1822
3242	1635	1867
2923	2210	1810
2652	2453	1761
2667	2512	2041
2802	2512	2530
2915	2462	2688
2985	2301	2569
3055	2230	2618
3029	2231	2707
2963	2299	2567
2925	2389	2350
2920	2390	2223
3000	2317	2108
3073	2134	2045
3102	1927	1991
3096	1635	1965
3091	1324	1915
3102	1111	1798
3166	1064	1705
3184	1280	1632
3138	1436	1590
3063	1458	1619
3015	1420	1885
3014	1397	2295
3035	1439	2603
3077	1488	2568
3076	1528	2367
3061	1462	2228
3058	1401	2077
3120	1382	1901
3285	1456	1780
3336	1813	1829
3084	2465	1840
2808	2907	1779
2743	2969	1934
2718	2907	2399
2752	2733	2693
2959	2466	2672
3124	2213	2627
3150	2092	2606
3067	2145	2517
2916	2349	2348
2760	2454	2181
2673	2332	2036
2717	2094	1988
2841	1822	1926
2969	1477	1798
3085	1111	1664
3085	820	1600
3341	721	1641
3475	854	1651
3522	1049	1502
3123	1190	1297
3239	1163	1313
3167	1089	1495
3149	1067	1699
3190	1067	1727
3216	1051	1632
3248	1051	1703
3301	2012	1811
3138	1915	1778
2797	2510	1799
2556	2803	2232
2523	2882	2232
2628	2865	2744
2672	2666	2313
2690	2500	2309
2763	2413	2730
2781	2280	2748
2865	2224	2724
3029	2129	2507
3214	2042	2320
3281	1949	2260
3150	1948	2182
3031	1919	2105
2924	1739	1996
2920	1468	1907
3029	1216	1780
3113	1224	1761
3071	1436	1812
2964	1545	1788
2940	1454	1846
2920	1371	2060
2928	1399	2416
2997	1510	2601
3036	1630	2611
3005	1658	2472
3011	1603	2255
3125	1509	2032
3275	1512	1913
3258	1839	1978
2946	2456	1974
2624	2881	1822
2548	2947	1758
2616	2926	2092
2710	2866	2432
2854	2707	2441
3015	2469	2401
3083	2283	2510
3097	2268	2583
3030	2316	2455
2825	2309	2255
2632	2265	2123
2579	2123	2113
2673	1943	2097
2805	1693	2071
2874	1350	1997
3052	971	1936
3375	745	1907
3532	867	1802
3420	1127	1590
3199	1348	1376
3083	1382	1395
3084	1297	1563
3107	1237	1758
3130	1242	1872
3138	1180	1865
3273	1001	1829
3405	1261	1918
3219	2003	1905
2833	2507	1659
2607	2647	1615
2580	2735	1957
2719	2754	2375
2919	2552	2459
3101	2347	2537
3203	2241	2785
3116	2223	2921
2920	2300	2852
2763	2318	2681
2812	2238	2486
2863	2104	2239
2879	1908	2126
2934	1690	2094
2970	1413	2050
3037	1161	1900
3146	1003	1749
3234	1096	1659
3213	1392	1562
3145	1491	1516
3073	1470	1624
3032	1399	1991
3008	1386	2341
3015	1380	2526
3038	1351	2496
3038	1310	2391
3038	1254	2286
3068	1207	2160
3325	1213	1969
3166	1384	1866
3295	1898	1935
3245	2580	1925
3000	2961	1866
2819	2961	1888
2767	2961	2150
2796	3023	2374
2888	2628	2395
2980	2641	2457
3082	2415	2673
3142	2285	2773
3074	2346	2628
2899	2388	2628
2770	2299	2116
2719	2150	1894
2707	1973	1983
2724	1770	1869
2763	1431	1770
2882	987	1649
3160	605	1629
3493	516	1694
3578	755	1706
3397	1112	1559
3172	1302	1402
3062	1300	1444
2998	1225	1638
2975	1219	1844
3008	1294	1934
3086	1273	1799
3324	1111	1706
3455	1508	1943
3148	2286	1959
2760	2633	1730
2585	2775	1838
2536	2830	2375
2656	2755	2685
2839	2479	2571
3024	2267	2663
3051	2222	2918
2917	2287	2892
2792	2506	2572
2690	2565	2269
2783	2389	2066
2925	2134	1992
2983	1869	2000
3007	1577	2049
2969	1298	2112
2958	1113	2105
3005	1011	2048
3032	1147	1963
3003	1347	1888
2963	1440	1778
2935	1497	1767
2894	1571	1944
2838	1653	2315
2874	1669	2605
2955	1679	2651
2979	1669	2584
2943	1616	2502
2920	1483	2414
3045	1367	2192
3270	1446	2075
3247	1946	2021
2845	2679	1806
2441	3110	1569
2240	3131	1704
2152	3057	2237
2161	3008	2640
2460	2840	2749
2823	2654	2755
2911	2551	2868
2837	2556	2939
2738	2581	2813
2617	2548	2525
2539	2480	2269
2462	2358	2082
2396	2178	1879
2471	1902	1773
2579	1589	1815
2732	1342	1974
2965	1130	2064
3225	1034	2094
3309	1219	2026
3117	1454	1939
2905	1626	1908
2771	1699	2009
2740	1696	2148
2805	1642	2177
2805	1510	2027
3061	1303	1737
3266	1399	1753
2874	2017	1971
2955	2017	2071
2576	2462	2146
2488	2556	2535
2568	2735	2924
2596	2735	2849
2643	2479	2679
2799	2428	2690
2961	2058	2673
2955	2287	2534
2874	2299	2494
2816	2245	2480
2843	2158	2421
2925	2060	2421
2918	1952	2165
2859	1822	2184
2815	1579	1812
2869	1299	1622
3018	1119	1673
3119	1209	1545
3116	1426	1531
3023	1532	1525
2940	1495	1705
2922	1437	2074
2981	1422	2436
3087	1436	2511
3133	1446	2345
3123	1394	2246
3113	1362	2136
3154	1397	1943
3220	1565	1801
3182	1979	1837
2988	2497	1845
2780	2771	1741
2767	2734	1729
2853	2661	1990
2923	2589	2297
3001	2613	2409
3042	2623	2545
3018	2584	2717
2922	2615	2786
2762	2606	2689
2611	2531	2496
2530	2347	2305
2523	2057	2178
2647	1755	2099
2855	1472	2007
3012	1207	1896
3122	975	1767
3314	802	1690
3429	858	1593
3357	1056	1418
3247	1261	1250
3178	1355	1333
3177	1376	1539
3181	1381	1721
3186	1328	1851
3204	1148	1759
3335	1013	1634
3291	1564	1691
2964	2303	1789
2723	2556	1888
2748	2504	2235
2847	2461	2590
2914	2465	2636
2984	2247	2492
3065	2135	2599
3065	2131	2790
3011	2219	2664
2993	2274	2434
2960	2218	2185
3034	2121	1971
3095	1949	1789
3132	1782	1745
3135	1620	1672
3130	1393	1579
3198	1148	1507
3266	1109	1480
3278	1320	1531
3197	1525	1562
3104	1553	1608
3031	1505	1732
3007	1382	2073
3006	1332	2404
3030	1289	2563
3069	1354	2477
3069	1486	2366
3035	1573	2206
3060	1625	1975
3259	1573	1839
3371	1909	1812
3130	2540	1779
2739	3053	1574
2739	3076	1583
2483	2864	1989
2791	2768	2480
2890	2645	2635
2851	2474	2602
3063	2332	2616
3144	2390	2643
3117	2503	2602
2991	2759	2426
2732	2567	2214
2555	2055	2051
2542	2287	1961
2651	1968	1844
2822	1634	1802
2953	1289	1813
3072	1033	1813
3282	884	1557
3505	941	1714
3483	1173	1549
3315	1384	1377
3174	1478	1340
3109	1415	1528
3087	1412	1743
3085	1365	1951
3075	1299	2003
3112	1151	1829
3309	1101	1752
3298	1672	1897
2956	2258	1790
2759	2460	1655
2826	2518	2016
2834	2692	2467
2760	2732	2520
2838	2508	2313
3006	2325	2439
3012	2189	2740
2929	2121	2774
2890	2007	2637
2908	1870	2628
2982	1849	2619
2912	1887	2462
2859	1860	2254
2872	1699	1969
2968	1430	1687
3171	1236	1431
3267	1292	1317
3218	1511	1285
3111	1597	1354
3078	1513	1585
3024	1492	1974
3011	1503	2482
3028	1557	2710
3030	1574	2667
2972	1514	2453
2971	1386	2198
3142	1336	1942
3282	1638	1800
3228	2217	1727
2973	2864	1520
2766	3116	1375
2755	3114	1597
2788	3123	2149
2810	3051	2499
2926	2821	2610
3040	2487	2688
3065	2254	2829
2957	2211	2851
2737	2265	2628
2579	2294	2296
2564	2218	2068
2638	2068	1962
2785	1908	1850
2955	1603	1745
3090	1203	1665
3306	820	1584
3571	650	1478
3610	802	1396
3423	1121	1251
3217	1273	1170
3056	1278	1262
2982	1203	1501
3016	1148	1752
3079	1177	2008
3114	1229	2239
3126	1335	2198
3224	1301	2016
3285	1575	1921
3123	2280	1839
2859	2702	1743
2668	2814	1886
2618	2843	2350
2740	2759	2674
2934	2470	2560
3061	2259	2464
3055	2170	2666
2943	2230	2779
2943	2381	2693
2687	2434	2448
2995	2343	2171
2830	2056	1992
2959	1772	1949
3021	1772	1928
3037	1224	1839
3066	1060	1731
3150	1060	1644
3186	1060	1693
3161	1572	1733
3062	1565	1795
2972	1549	1971
2910	1450	2335
2886	1410	2592
2978	1411	2518
3048	1514	2518
3055	1541	2262
3151	1470	1852
3351	1440	1954
3421	1681	1861
3222	2193	1756
2920	2681	1539
2676	2837	1491
2593	2725	1860
2720	2705	2395
2923	2659	2668
3072	2559	2652
3109	2418	2669
3034	2382	2741
2893	2430	2716
2739	2435	2492
2642	2325	2209
2602	2109	1988
2652	1879	1839
2836	1594	1754
3027	1298	1704
3143	1063	1685
3219	944	1634
3340	905	1587
3402	1009	1483
3320	1217	1377
3216	1399	1355
3150	1446	1494
3118	1410	1717
3089	1367	1903
3080	1330	1998
3105	1232	1870
3278	1133	1725
3369	1656	1766
3056	2421	1788
2662	2784	1723
2579	2864	1972
2744	2864	2489
2888	2806	2758
2937	2563	2616
3010	2412	2568
3016	2302	2696
2915	2289	2634
2834	2323	2512
2814	2289	2411
2907	2184	2310
3007	2002	2162
3052	1855	2072
3023	1710	2002
2992	1499	1913
3051	1262	1764
3120	1170	1567
3173	1306	1475
3161	1510	1434
3138	1509	1500
3146	1456	1631
3148	1379	1920
3142	1365	2185
3139	1377	2305
3118	1378	2271
3042	1425	2129
2958	1423	2002
3007	1407	1885
3227	1421	1901
3283	1839	1918
3043	2406	1848
2804	2765	1700
2706	2845	1765
2771	2836	2105
2880	2828	2384
2968	2713	2421
3057	2562	2458
3100	2420	2639
3031	2530	2768
2829	2652	2718
2607	2615	2440
2500	2413	2086
2552	2146	1783
2552	1863	1666
3064	1597	1619
2883	1357	1607
3243	1095	1626
3173	902	1656
3419	953	1696
3549	1212	1603
3411	1212	1500
3178	1724	1470
3046	1289	1592
3015	1514	1729
2989	1509	1802
2961	1524	1707
3074	1394	1715
3368	1246	1715
3439	1728	1971
3062	2364	1854
2765	2539	2065
2734	2528	2192
2715	2592	2744
2680	2624	2831
2761	2377	2654
2967	2175	2709
2984	2158	2603
2884	2215	2748
2842	2251	2575
2836	2177	2460
2959	2069	2289
3017	1992	2146
2997	1921	1949
3003	1718	1789
3041	1470	1603
3158	1281	1455
3252	1284	1396
3189	1519	1393
3037	1650	1435
2944	1652	1585
2937	1557	2024
2991	1522	2459
3067	1570	2646
3079	1618	2521
3033	1583	2306
3064	1483	2098
3208	1435	1913
3295	1691	1817
3175	2271	1739
2932	2785	1594
2737	2993	1478
2728	2955	1729
2867	2904	2164
2991	2814	2417
3103	2632	2443
3144	2398	2463
3117	2233	2555
2998	2181	2596
2802	2205	2475
2688	2226	2228
2658	2126	2018
2692	1996	1863
2832	1752	1790
2996	1373	1723
3208	971	1678
3475	735	1597
3608	777	1498
3494	990	1366
3237	1188	1236
3115	1227	1282
3101	1194	1472
3091	1127	1702
3085	1139	1897
3088	1152	2041
3170	1105	1979
3313	1267	1935
3237	1884	1883
2939	2424	1721
2777	2564	1712
2804	2618	2050
2851	2734	2390
2852	2673	2357
2923	2406	2309
3072	2230	2499
3136	2145	2710
3085	2225	2626
2975	2331	2434
2980	2344	2266
3046	2256	2111
3058	2109	1982
3075	1944	1879
3058	1698	1799
3038	1455	1669
3079	1255	1621
3133	1296	1675
3130	1507	1751
3067	1546	1741
3003	1477	1804
3015	1355	2122
3015	1337	2455
3271	1437	2523
2833	1524	2363
3049	1462	2217
3005	1349	2068
3073	1385	2024
3282	1385	1985
3360	2289	1827
3174	2801	1676
2909	3052	1785
2641	3020	2185
2468	3045	2472
2519	2824	2561
2871	2483	2561
3192	2293	2561
3279	2186	2381
3212	2212	2524
2972	2313	2219
2737	2389	2219
2601	2330	2131
2540	2164	2037
2590	1896	1951
2761	1464	1895
2994	992	1886
3257	639	1887
3492	611	1799
3531	856	1642
3352	1142	1387
3169	1307	1198
3091	1331	1214
3072	1303	1412
3100	1361	1638
3096	1427	1871
3070	1441	1990
3127	1367	2005
3108	1696	2064
2798	2399	2026
2492	2643	1979
2564	2504	2133
2802	2450	2547
2854	2498	2742
2839	2457	2550
2922	2358	2507
2891	2343	2642
2789	2400	2596
2772	2451	2410
2851	2379	2320
2977	2241	2257
2991	2150	2201
2952	2087	2177
2888	2019	2197
2819	1879	2132
2864	1698	2001
2979	1517	1902
3008	1528	1827
2948	1661	1823
2835	1637	1858
2827	1468	2031
2919	1326	2234
2994	1382	2371
3015	1556	2356
2977	1670	2279
3032	1613	2220
3197	1559	2123
3283	1776	2065
3122	2206	1884
2906	2611	1617
2786	2723	1541
2710	2743	1849
2644	2870	2198
2759	2850	2382
3037	2615	2522
3149	2393	2643
3117	2270	2702
2998	2188	2571
2812	2092	2297
2722	1984	2009
2780	1824	1874
2934	1661	1776
3096	1461	1725
3169	1240	1683
3211	1070	1630
3334	975	1583
3390	1031	1474
3310	1058	1397
3223	1038	1373
3200	992	1490
3177	985	1610
3134	1052	1697
3104	1159	1799
3076	1241	1892
3076	1238	1895
3076	1375	1918
2899	1919	2011
2784	2497	1972
2691	2597	2033
2502	2527	2407
2841	2750	2802
2841	2989	2674
2754	2989	2297
2649	2989	2225
2650	2685	2400
2749	2728	2444
2914	2568	2329
2970	2537	2288
3010	2479	2272
3003	2404	2261
2932	2345	2208
2915	2345	2208
2902	2029	2138
2911	1716	2059
2949	1453	2022
2999	1330	1961
3008	1424	1850
3006	1489	1766
2984	1440	1717
3001	1360	1824
2998	1376	2009
3004	1508	2244
2985	1625	2308
2977	1663	2241
3026	1614	2135
3055	1528	2018
3153	1470	1956
3246	1617	1950
3183	2043	1963
2906	2603	1750
2699	2886	1527
2665	2926	1598
2673	3027	1898
2741	3045	2066
2952	2834	2093
3109	2496	2126
3095	2348	2235
3046	2316	2371
2867	2366	2370
2705	2392	2313
2803	2188	2309
2982	1885	2361
3063	1645	2257
3084	1411	2052
3134	1204	1816
3275	1085	1609
3446	1096	1466
3449	1240	1328
3359	1312	1264
3286	1333	1246
3271	1233	1351
3228	1116	1481
3155	1010	1649
3138	956	1806
3099	939	1884
3103	928	1855
3151	1134	1802
2991	1754	1825
2554	2513	1771
2237	2842	1820
2381	2789	2294
2701	2782	2974
2742	2827	2969
2682	2694	2433
2800	2517	2320
2951	2438	2665
2972	2489	2787
2971	2550	2561
3071	2471	2363
3157	2457	2185
3119	2551	2036
3040	2604	1960
2926	2413	1989
2871	2044	2029
2958	1632	2037
3085	1256	1989
3114	1234	1939
3071	1309	1922
3015	1286	1802
2968	1310	1683
2947	1368	1768
2961	1466	2040
3029	1548	2230
3099	1550	2282
3148	1495	2175
3207	1365	1947
3207	1243	1706
3463	1302	1503
3517	1739	1431
2881	2401	1281
2454	2821	1055
2549	3119	1212
2438	3278	1775
2512	3204	2164
2600	3204	2347
2795	2692	2610
3134	2355	2835
3328	2384	2728
3293	2344	2324
3152	2396	2324
2990	2400	1819
2963	2333	1854
3033	2209	1745
3070	2030	1489
3082	1668	1517
3095	1242	1323
3198	860	1323
3386	670	1298
3432	779	1403
3302	1029	1431
3152	1232	1404
3072	1288	1568
3076	1304	1829
3086	1315	1991
3053	1403	1949
3011	1472	1606
3165	1431	1342
3262	1912	1469
2897	2705	1634
2377	3064	1599
2348	2967	1860
2718	2884	2517
2983	2880	2865
3051	2661	2600
3084	2481	2450
3057	2385	2790
2893	2429	3112
2862	2492	3078
2980	2408	2767
3170	2277	2439
3231	2221	2149
3084	2141	1979
3012	1899	1771
3056	1492	1502
3159	1170	1273
3217	1094	1218
3211	1157	1316
3209	1212	1354
3300	1162	1362
3354	1218	1345
3304	1322	1416
3306	1353	1499
3369	1344	1523
3454	1260	1464
3567	1208	1316
3628	1327	1185
3441	1730	1069
3100	2295	979
2939	2594	992
3003	2632	1357
3075	2757	1912
3105	2781	2281
3189	2683	2437
3249	2573	2589
3225	2474	2758
3147	2465	2711
3070	2320	2445
3074	2046	2171
3117	1820	2045
3131	1733	1963
3117	1667	1813
3114	1516	1619
3151	1278	1481
3291	1037	1405
3452	893	1331
3496	891	1216
3384	991	1078
3310	1029	1092
3305	1043	1226
3306	1047	1423
3269	1115	1601
3198	1215	1780
3109	1231	1876
3044	1143	1801
3119	1163	1772
3103	1709	1799
2869	2384	1741
2675	2734	1706
2677	2882	2088
2743	3038	2608
2814	3073	2728
2941	2913	2587
2941	2762	2625
2941	2638	2713
3036	2581	2623
2948	2514	2406
2860	2389	2103
2880	2215	1877
2997	2067	1774
3081	2067	1795
3098	1837	1790
3041	1581	1757
3006	1657	1650
3062	1455	1577
3121	1412	1577
3098	1516	1578
2989	1598	1578
2933	1550	2259
2955	1547	2314
3026	1611	2335
3007	1750	2289
2942	1778	2183
2993	1671	2090
3162	1581	1969
3343	1642	1910
3270	1979	1848
2965	2490	1743
2730	2823	1696
2643	2881	1918
2594	2921	2178
2719	2740	2221
3106	2443	2148
3338	2263	2157
3286	2230	2167
3122	2308	2168
2882	2393	2152
2688	2436	2095
2641	2290	2112
2755	2046	2182
2949	1725	2179
3067	1371	2056
3118	1042	1943
3234	896	1821
3362	1001	1715
3308	1243	1491
3186	1447	1224
3154	1436	1204
3150	1386	1430
3153	1383	1605
3162	1408	1545
3289	1363	1564
3331	1631	1754
3039	2224	1956
2708	2556	1952
2737	2483	2127
2902	2450	2531
2915	2592	2678
2947	2467	2575
3013	2320	2485
3001	2270	2465
2928	2293	2295
2904	2315	2039
2936	2291	1727
3115	2220	1517
3299	2056	1471
3313	1951	1521
3267	1806	1626
3213	1614	1729
3195	1398	1760
3207	1290	1694
3203	1373	1743
3128	1516	1791
3079	1551	1845
3078	1492	1931
3098	1457	2106
3131	1491	2240
3151	1563	2216
3167	1624	2056
3152	1654	1818
3215	1599	1697
3318	1560	1662
3336	1744	1747
3213	2149	1786
3052	2534	1696
2993	2592	1598
2995	2573	1797
2943	2717	2124
2931	2773	2249
3103	2592	2264
3215	2359	2252
3242	2272	2262
3191	2321	2137
3045	2372	1829
2952	2311	1490
2933	2154	1343
2933	1962	1354
2933	1675	1509
3189	1351	1677
3286	1138	1700
3300	977	1616
3390	962	1471
3454	1074	1388
3387	1209	1329
3265	1209	1351
3191	1209	1443
3178	1250	1496
3179	1229	1401
3209	1140	1412
3302	1142	1412
3276	1608	1675
3051	2091	1753
2843	2188	2125
2874	2155	2125
3029	2308	2637
2992	2496	2475
2912	2495	2470
3028	2427	2428
3094	2393	2554
3056	2403	2451
3070	2354	2233
3156	2209	2064
3278	2071	1951
3276	1987	1884
3205	1946	1819
3122	1822	1789
3098	1591	1652
3154	1329	1444
3234	1219	1347
3210	1385	1414
3136	1517	1513
3084	1559	1579
3057	1541	1834
3105	1553	2181
3140	1606	2361
3138	1660	2295
3109	1711	2140
3105	1673	1987
3158	1648	1871
3274	1679	1856
3258	1983	1843
3021	2461	1761
2844	2730	1571
2898	2696	1566
2998	2690	1812
3041	2802	2036
3095	2777	2043
3142	2659	1973
3146	2509	2007
3100	2502	2047
3005	2505	2067
2861	2442	2002
2800	2294	1941
2886	2056	1963
3007	1829	2038
3089	1595	2036
3119	1352	1952
3157	1172	1815
3254	1098	1642
3360	1166	1462
3327	1335	1271
3230	1429	1182
3194	1458	1222
3176	1470	1435
3149	1514	1660
3121	1510	1751
3175	1359	1712
3269	1403	1806
3148	1916	2003
2814	2336	1995
2668	2327	2058
2818	2280	2373
2960	2464	2575
2921	2514	2337
2946	2335	2079
3156	2160	2197
3224	2135	2357
3129	2256	2321
3063	2331	2257
3096	2305	2223
3112	2247	2119
3086	2148	2011
3094	1987	1883
3099	1756	1718
3190	1459	1499
3275	1286	1287
3279	1368	1284
3203	1583	1346
3145	1626	1411
3123	1551	1588
3157	1474	1955
3157	1469	2260
3157	1539	2341
3177	1568	2215
3157	1568	1963
3110	1516	1764
3152	1565	1710
3285	1843	1758
3301	1843	1686
3181	2355	1603
3120	2515	1651
3142	2465	1866
3151	2465	2029
3127	2568	2083
3102	2556	2177
3067	2448	2389
3095	2302	2389
3150	2207	2133
3145	2175	2008
3085	2130	1715
2938	2058	1680
2911	1949	1544
3045	1788	1506
3191	1560	1499
3337	1243	1493
3477	1016	1474
3617	950	1432
3573	1130	1273
3374	1277	1136
3256	1266	1082
3304	1173	1207
3332	1205	1308
3287	1246	1252
3358	1183	1248
3410	1473	1478
3275	1969	1682
3016	2207	1681
2895	2160	1782
2962	2269	2160
3039	2478	2419
2995	2553	2170
2988	2523	2041
3119	2374	2264
3192	2289	2415
3180	2281	2329
3162	2279	2137
3162	2225	1933
3149	2139	1784
3162	2004	1755
3165	1829	1708
3203	1554	1699
3233	1315	1612
3265	1253	1546
3274	1369	1567
3191	1570	1598
3125	1604	1675
3114	1569	1835
3151	1528	2100
3141	1546	2280
3120	1526	2347
3104	1483	2239
3089	1503	2037
3022	1562	1858
2989	1615	1826
3138	1596	1851
3332	1712	1929
3358	1987	1939
3179	2380	1701
3052	2586	1559
3068	2591	1718
3044	2659	1987
2961	2652	2020
3091	2467	1975
3293	2213	1976
3292	2157	1987
3224	2210	1971
3062	2280	1880
2873	2255	1790
2818	2104	1780
2913	1895	1893
3035	1676	1974
3108	1413	1948
3248	1144	1795
3440	1094	1686
3455	1194	1575
3275	1378	1431
3157	1467	1416
3145	1486	1509
3165	1463	1620
3201	1391	1468
3201	1276	1333
3457	1584	1521
3171	2207	1749
2921	2423	1781
2835	2391	1919
2709	2466	2355
2844	2706	2498
2947	2706	2170
2882	2450	1934
2964	2123	2104
3143	2217	2272
3158	2186	2273
3078	2224	2222
3007	2213	2222
3046	2156	2222
3080	2089	1816
3046	2059	1970
3043	1972	1928
3036	1836	1826
3090	1670	1678
3180	1499	1521
3250	1529	1519
3220	1669	1577
3114	1776	1655
3076	1716	1867
3080	1663	2094
3086	1667	2223
3081	1671	2161
3103	1605	2088
3081	1524	1948
3138	1444	1759
3311	1425	1636
3308	1928	1704
3068	2533	1638
2943	2812	1439
3002	2776	1490
3044	2784	1690
3073	2756	1846
3102	2614	1840
3170	2506	1922
3211	2334	2119
3176	2250	2202
3134	2174	2086
3101	2085	1906
3065	2011	1719
3008	1964	1597
3064	1812	1624
3156	1517	1689
3273	1209	1690
3448	1022	1637
3571	1034	1625
3487	1220	1526
3273	1411	1381
3180	1447	1352
3212	1392	1463
3233	1328	1591
3184	1322	1647
3208	1304	1736
3267	1240	1662
3403	1184	1529
3378	1590	1580
3040	2315	1573
2804	2504	1471
2911	2312	1759
3141	2281	2404
3207	2509	2702
3105	2482	2409
3064	2308	2128
3051	2271	2202
2900	2334	2209
2846	2406	2070
2900	2272	1870
3101	2112	1712
3258	1988	1641
3230	1950	1612
3203	1930	1618
3147	1789	1626
3182	1620	1646
3239	1498	1567
3262	1538	1612
3206	1655	1749
3087	1715	1831
3013	1639	1989
3004	1537	2243
3043	1533	2484
3049	1579	2524
3067	1621	2476
3085	1644	2300
3094	1685	2047
3161	1688	1736
3161	1707	1521
3417	2038	1495
3140	2545	1375
2896	2739	1196
2953	2566	1250
3009	2476	1673
3099	2605	2041
3082	2645	2132
3041	2645	2141
3053	2310	2228
3088	2436	2266
3104	2349	2180
3015	2312	2101
2862	2197	2078
2801	2103	2165
2819	2055	2147
2830	1968	2147
2843	1796	1792
2920	1487	1970
3191	1172	1895
3514	1055	1725
3563	1158	1482
3361	1306	1310
3200	1405	1244
3199	1434	1393
3256	1477	1789
3230	1494	1569
3142	1491	1558
3030	1448	1580
3056	1348	1621
3220	1520	1812
3168	2008	2081
2906	2348	2105
2774	2403	2077
2891	2376	2274
3101	2381	2527
3202	2307	2449
3242	2332	2256
3274	2372	2185
3221	2415	2122
3186	2411	2064
3169	2281	1987
3216	2093	1934
3236	1866	1890
3176	1721	1891
3102	1608	1938
3047	1464	2016
3072	1281	1904
3171	1174	1662
3311	1209	1550
3352	1374	1476
3286	1442	1448
3241	1439	1519
3232	1403	1752
3243	1426	1839
3265	1425	1781
3249	1313	1752
3232	1226	1807
3242	1213	1843
3243	1216	1745
3421	1146	1619
3616	1232	1603
3551	1653	1596
3220	2120	1438
3000	2296	1306
3179	2104	1285
3435	2097	1480
3475	2427	1663
3441	2577	1808
3498	2399	2038
3496	2313	2314
3437	2344	2314
3104	2378	1683
2556	2315	988
2595	1814	784
3173	1254	1132
3643	953	1603
3899	772	1932
3898	675	2078
3634	930	2018
3513	1213	1919
3648	1371	1876
3909	1318	1753
4075	933	1223
4028	489	569
3765	167	414
3420	390	1030
3257	1089	1787
3182	1790	2169
3241	1971	2419
3518	1425	2750
3777	802	2795
3650	656	2336
3423	593	1832
3405	541	1553
3517	816	1362
3624	1319	1002
3728	1651	694
3984	1337	679
3867	770	817
3634	283	825
3834	39	989
3689	134	1450
3611	500	1871
3653	896	2086
3642	952	1965
3643	952	1668
3667	1012	1422
3684	555	1479
3694	612	1717
3741	728	1822
3801	1008	1670
3775	1281	1430
3789	1353	1430
3810	1390	1430
3771	1044	1580
3675	1187	1836
3586	999	1804
3538	802	1944
3497	753	2002
3464	841	2097
3427	938	2187
3407	1060	2169
3402	1086	2108
3385	943	1986
3397	832	1634
3437	817	1771
3484	890	1684
3541	1039	1657
3554	1221	1671
3573	1334	1674
3553	1336	1616
3488	1234	1529
3445	1123	1468
3445	1038	1557
3460	1036	1731
3441	1122	1867
3450	1225	1846
3454	1299	1855
3415	1419	1937
3400	1584	1999
3410	1672	2008
3398	1706	1939
3347	1720	1769
3280	1732	1630
3232	1761	1659
3210	1814	1735
3192	1850	1821
3172	1859	1859
3150	1844	1914
3139	1791	1995
3124	1720	2082
3104	1708	2170
3082	1720	2254
3064	1733	2271
3044	1773	2209
3026	1779	2145
3016	1777	2093
3034	1805	2101
3048	1829	2080
3042	1851	2038
3002	1905	2009
2926	1972	2024
2850	2030	2069
2804	2041	2114
2758	2039	2132
2692	2034	2151
2651	2039	2234
2623	2015	2334
2632	1932	2394
2643	1878	2404
2615	1895	2407
2560	1950	2373
2509	1990	2348
2473	2061	2325
2465	2156	2341
2487	2252	2355
2498	2275	2330
2490	2280	2341
2437	2288	2409
2383	2301	2529
2340	2337	2611
2303	2326	2638
2282	2294	2601
2265	2228	2565
2267	2177	2493
2300	2107	2420
2347	2091	2417
2353	2125	2449
2355	2171	2489
2339	2214	2508
2312	2243	2528
2294	2300	2532
2273	2295	2543
2265	2295	2569
2253	2315	2628
2238	2343	2668
2229	2358	2669
2235	2359	2667
2235	2373	2660
2235	2356	2632
2542	2310	2573
2334	2284	2559
2362	2293	2577
2347	2308	2621
2343	2322	2637
2351	2297	2602
2350	2297	2576
2383	2297	2601
2401	2246	2647
2388	2195	2670
2373	2150	2676
2387	2132	2656
2413	2110	2636
2452	2054	2615
2494	2005	2603
2518	1932	2603
2534	1881	2309
2534	1898	2513
2525	1989	2554
2492	2073	2661
2439	2142	2716
2368	2108	2704
2298	2021	2662
2264	1981	2572
2247	1967	2446
2249	1961	2358
2294	1895	2386
2339	1908	2417
2400	1981	2430
2417	1965	2503
2392	1978	2562
2386	1925	2586
2412	1833	2579
2493	2035	2591
2465	2043	2623
2487	1848	2704
2586	1913	2789
2641	1940	2821
2691	1930	2787
2672	1947	2699
2640	1848	2647
2612	1774	2597
2647	1779	2659
2624	1559	2844
2439	1446	2636
2515	1687	2281
2698	1931	2252
2682	2125	2307
2732	2333	2335
2805	2444	2260
2801	2349	2124
2766	2158	1956
2748	2012	1692
2771	2043	1360
2842	2331	1023
2927	2658	690
2983	2852	379
3014	3010	185
2995	3003	40
2953	2935	-21
2982	2936	96
3033	2607	289
2996	2097	487
2941	1888	741
2957	1896	1111
3071	2019	1530
3234	2328	1897
3288	2656	2137
3181	2826	2278
2957	2789	2329
2742	2632	2327
2636	2510	2235
2647	2428	2070
2735	2373	1903
2826	2366	1755
2887	2409	1610
2904	2460	1472
2895	2587	1406
2880	2701	1387
2896	2741	1421
2947	2738	1436
3014	2699	1474
3065	2645	1529
3086	2573	1566
3071	2559	1575
3013	2553	1571
2927	2522	1597
2851	2470	1626
2829	2441	1658
2835	2431	1655
2859	2453	1646
2907	2469	1606
2974	2431	1574
3015	2391	1533
3023	2364	1498
3023	2371	1478
3014	2381	1474
2996	2419	1509
2993	2448	1528
2991	2466	1548
2988	2462	1580
2963	2466	1622
2963	2466	1612
3013	2436	1583
3068	2371	1523
3105	2382	1496
3106	2391	1506
3025	2419	1535
2878	2442	1590
2813	2468	1590
2884	2482	1590
3001	2522	1580
3077	2508	1561
3097	2440	1573
3041	2425	1575
2988	2368	1590
2986	2332	1567
3017	2332	1550
3065	2356	1541
3074	2356	1532
3041	2340	1544
2983	2302	1536
2941	2264	1551
2935	2266	1569
2978	2276	1600
3042	2301	1597
3086	2336	1587
3105	2358	1561
3093	2325	1549
3042	2320	1557
3003	2328	1568
3012	2338	1590
3034	2332	1594
3059	2325	1610
3068	2327	1598
3066	2313	1602
3061	2291	1613
3065	2252	1627
3065	2233	1640
3052	2224	1649
3035	2212	1668
3026	2165	1688
3052	2088	1703
3087	1994	1694
3114	1957	1677
3127	1998	1666
3132	2082	1674
3129	2163	1686
3124	2213	1711
3124	2183	1726
3135	2070	1720
3151	1973	1715
3156	1851	1732
3147	1748	1730
3136	1853	1682
3134	1983	1766
3123	2008	1901
3115	2057	1976
3095	2030	2005
3089	1945	2014
3117	1910	2016
3153	1934	1911
3197	1976	1768
3221	2133	1741
3182	2012	1849
3113	1687	1985
3089	1703	2039
3087	1747	2003
3089	1632	2002
3105	1505	2039
3116	1487	2076
3119	1438	2132
3096	1325	2153
3082	1260	2263
3030	1138	2436
2959	1012	2612
2954	959	2760
2994	950	2850
3053	960	2905
3096	984	2907
3122	1022	2837
3139	1040	2702
3149	1064	2556
3150	1087	2461
3138	1090	2447
3110	1052	2431
3096	987	2431
3103	941	2429
3109	891	2441
3109	849	2407
3109	808	2418
3100	738	2474
3092	732	2403
3088	666	2327
3120	507	2276
3153	461	2199
3194	490	2154
3211	490	2233
3181	101	2266
3173	231	2369
3183	158	2511
3151	-17	2551
3137	-115	2637
3139	-160	2707
3120	-201	2754
3111	-223	2754
3095	-249	2796
3087	-252	2815
3085	-207	2782
3075	-184	2795
3083	-131	2796
3095	-76	2797
3106	-58	2803
3119	-18	2787
3130	-20	2786
3136	-29	2756
3137	-51	2717
3135	-84	2633
3135	-115	2573
3134	-143	2548
3126	-161	2564
3112	-189	2598
3100	-202	2612
3098	-214	2586
3109	-227	2548
3123	-217	2571
3126	-189	2566
3130	-202	2555
3136	-218	2539
3141	-216	2555
3142	-216	2565
3131	-212	2570
3125	-215	2587
3123	-215	2596
3124	-216	2610
3119	-202	2604
3116	-175	2615
3092	-101	2566
3085	-181	2562
3106	-237	2601
3109	-212	2654
3107	-212	2700
3097	-174	2713
3098	-173	2712
3095	-153	2678
3085	-181	2660
3071	-184	2645
3049	-156	2643
3020	-139	2639
3013	-159	2738
3004	-177	2832
2982	-167	2902
2992	-158	2943
2995	-127	2924
3014	-103	2895
3035	-82	2827
3047	-86	2770
3044	-76	2708
3042	-134	2683
3051	-195	2684
3017	-181	2723
2960	-152	2740
2919	-163	2730
2930	-228	2714
2954	-247	2702
2972	-235	2727
2980	-193	2797
2980	-183	2910
2972	-174	2970
2963	-174	2963
2972	-208	2926
2985	-287	2934
2998	-356	2906
2960	-355	2878
2912	-352	2874
2881	-306	2883
2879	-273	2936
2906	-239	2934
2918	-214	2898
2920	-200	2856
2913	-186	2866
2937	-176	2854
2940	-124	2803
2916	-50	2719
2861	316	2450
2605	408	2229
3061	122	2275
2883	92	2336
2984	56	2402
3005	-51	2570
2997	-120	2740
2993	-152	2885
2991	-152	2974
2957	-152	3062
2913	-169	3120
2887	-140	3143
2842	192	3148
2767	15	3143
2704	101	3150
2650	160	3163
2612	162	3163
2578	143	3163
2558	174	2841
2553	257	2953
2572	369	2833
2603	446	2770
2648	517	2745
2701	598	2762
2756	641	2836
2814	650	2933
2858	641	3051
2891	694	3141
2897	795	3207
2868	879	3213
2824	924	3190
2800	942	3129
2765	930	3074
2732	916	3015
2734	898	2954
2770	900	2936
2772	896	2912
2757	902	2918
2766	935	2950
2772	970	2988
2771	987	2997
2763	992	3007
2749	987	2970
2724	953	2941
2688	957	2956
2645	955	2970
2623	948	2970
2629	951	2964
2630	970	2987
2615	978	2986
2621	985	3000
2634	1009	2985
2633	1000	2961
2643	996	2933
2665	1011	2940
2682	1063	2965
2681	1102	2964
2688	1142	2942
2702	1154	2882
2697	1140	2854
2681	1129	2833
2672	1123	2859
2669	1131	2873
2674	1110	2883
2696	1127	2881
2701	1124	2891
2687	1119	2909
2687	1129	2906
2700	1123	2885
2724	1107	2825
2752	1100	2803
2766	1121	2796
2774	1156	2815
2790	1190	2802
2801	1162	2808
2805	1117	2812
2810	1078	2793
2815	1051	2777
2824	1036	2757
2829	1008	2771
2829	995	2802
2815	990	2844
2793	978	2852
2784	982	2859
2784	994	2842
2789	1005	2829
2806	1006	2810
2840	987	2778
2886	978	2745
2931	964	2706
2966	958	2694
2982	950	2685
2995	939	2707
3000	959	2734
2978	983	2767
2943	996	2774
2896	996	2770
2837	981	2746
2770	921	2699
2736	837	2658
2749	742	2634
2790	687	2626
2790	674	2608
3046	679	2614
2831	694	2634
2853	712	2673
2862	758	2697
2881	799	2700
2902	820	2678
2941	790	2644
2999	731	2600
3052	731	2555
3093	976	2520
3122	831	2495
3128	1248	2488
3118	1136	2443
3090	1290	2388
3054	1430	2342
2997	1547	2383
2916	1659	2383
2822	1823	2639
2732	1964	2633
2695	2002	2692
2720	1968	2680
2815	1886	2655
2906	1747	2594
2979	1581	2508
3049	1438	2400
3087	1355	2324
3102	1312	2278
3104	1276	2292
3109	1283	2324
3112	1322	2354
3112	1363	2373
3092	1373	2381
3059	1361	2377
3021	1278	2341
3001	1175	2309
2993	1154	2318
3010	1222	2372
3038	1321	2424
3041	1399	2478
3016	1440	2475
2969	1428	2454
2941	1407	2416
2938	1303	2384
2925	1183	2390
2905	1224	2445
2933	1345	2523
2992	1415	2583
3041	1452	2623
3074	1465	2612
3090	1413	2553
3087	1297	2461
3082	1195	2381
3078	1147	2316
3082	1157	2302
3100	1218	2312
3118	1278	2342
3130	1331	2359
3128	1342	2360
3123	1330	2353
3112	1314	2344
3106	1252	2317
3090	1158	2288
3071	1186	2285
3069	1278	2296
3077	1329	2344
3091	1399	2409
3101	1445	2455
3090	1454	2434
3068	1455	2384
3037	1487	2315
3036	1515	2260
3076	1493	2235
3104	1473	2288
3106	1511	2370
3080	1541	2434
3003	1540	2456
2919	1545	2460
2872	1560	2444
2874	1544	2440
2920	1503	2434
2966	1478	2433
2999	1519	2437
3008	1560	2442
3008	1596	2449
2987	1636	2449
2964	1659	2425
2956	1634	2378
2972	1558	2338
2999	1505	2315
3009	1494	2323
2977	1513	2357
2948	1570	2408
2919	1616	2446
2903	1636	2469
2903	1632	2462
2903	1602	2435
2910	1574	2405
2910	1539	2376
2910	1511	2362
2931	1504	2392
2945	1521	2449
2936	1552	2491
2895	1573	2509
2846	1603	2506
2809	1629	2503
2810	1629	2502
2828	1629	2492
2853	1586	2474
2870	1575	2463
2869	1573	2474
2876	1600	2474
2874	1629	2510
2865	1647	2509
2856	1642	2496
2848	1618	2496
2842	1600	2496
2834	1588	2481
2842	1598	2482
2856	1634	2491
2857	1672	2499
2843	1698	2509
2821	1700	2509
2806	1676	2509
2808	1642	2474
2824	1615	2475
2837	1617	2490
2827	1635	2513
2815	1659	2517
2795	1649	2491
2759	1621	2475
2721	1645	2480
2709	1716	2493
2730	1762	2512
2769	1796	2521
2797	1808	2506
2802	1750	2475
2785	1662	2447
2770	1612	2444
2764	1614	2472
2768	1661	2516
2763	1702	2562
2736	1702	2571
2700	1680	2532
2681	1645	2486
2710	1625	2454
2782	1651	2448
2852	1705	2469
2890	1784	2483
2869	1834	2484
2823	1841	2472
2779	1787	2460
2769	1703	2453
2787	1607	2460
2813	1536	2475
2821	1532	2509
2801	1590	2548
2757	1657	2583
2719	1719	2580
2704	1758	2560
2714	1759	2517
2760	1717	2461
2829	1668	2403
2898	1627	2374
2950	1628	2371
2955	1653	2400
2907	1690	2432
2840	1724	2464
2783	1728	2490
2750	1707	2511
2731	1669	2519
2746	1632	2523
2775	1600	2519
2817	1596	2516
2850	1611	2514
2864	1645	2514
2858	1678	2503
2845	1698	2475
2818	1670	2444
2813	1630	2414
2835	1602	2409
2865	1607	2414
2875	1625	2425
2873	1663	2420
2849	1675	2419
2824	1674	2418
2822	1669	2427
2841	1645	2428
2867	1617	2433
2882	1608	2439
2877	1614	2449
2856	1629	2465
2837	1658	2485
2826	1681	2477
2832	1685	2466
2833	1670	2466
2838	1659	2473
2836	1645	2483
2841	1644	2489
2843	1647	2497
2842	1648	2495
2829	1648	2492
2821	1649	2484
2821	1636	2478
2821	1628	2461
2827	1625	2443
2835	1638	2421
